10024961
10042401
10042411
10042422
10042425
10042427
10042428
10042432
10042434
10042437
10042438
10046233
10049040
10059485
10059487
10059506
10059507
10059508
10059511
10059516
10059517
10059523
10075627
10075663
10075664
10075665
10075666
10075667
10075668
10075669
10075670
10075671
10075672
10075673
10075674
10075675
10075676
10075677
10075678
10075679
10075680
10075681
10075682
10075683
10075684
10075685
10075686
10075748
10075749
10075750
10075751
10075752
10075753
10075769
10076081
10076082
10076083
10076084
10076085
10076086
10076087
10076101
10076102
10076103
10076104
10076105
10076134
10076160
10076200
10076201
10076203
10076267
10076285
10076424
10076434
10076441
10102993
10103026
10104329
10104330
10108812
10125714
10125716
10125717
10125718
10125719
10125720
10125721
10125722
10125731
10125742
10135830
10135831
10149860
10149866
10157728
10157729
10157731
10157732
10157736
10157812
10196013
10206243
10206244
10209710
10217640
10223104
10223639
10235886
10240379
10240380
10240381
10240382
10240388
10240389
10240390
10240391
10240392
10240393
10240395
10240482
10240483
10240751
10240752
10275207
10275208
10288442
10289008
10289010
10298882
10298903
10298904
10298909
10298912
10311524
10311525
10318070
10318085
10337451
10337452
10337453
10337454
10337459
10337460
10337461
10337462
10337464
10337467
10337543
10337544
10337545
10337546
10337547
10337609
10337610
10337613
10337614
10337909
10338061
10338062
10338119
10338199
10338296
10338297
10338474
10338475
10338476
10408512
10408529
10437671
10437672
10437674
10437675
10452662
10452663
10452665
10452666
10452667
10452668
10452670
10452671
10452672
10452673
10452674
10453355
10453356
10453357
10453358
10453359
10453360
10453361
10453362
10453364
10515409
10515417
10515420
10515456
10515457
10515461
10515462
10515464
10515465
10515466
10515467
10515468
10515469
10515470
10515471
10515472
10555023
10555024
10555025
10555026
10555027
10555029
10555096
10555097
10555098
10555493
10555494
10555495
10555496
10555497
10555498
10555499
10555500
10555501
10555502
10555503
10555504
10555505
10555506
10555507
10555508
10555509
10555510
10595525
10600812
10600813
10600814
10600815
10600816
10600817
10600818
10600819
10600820
10600821
10600822
10600823
10600824
10600825
10600826
10600827
10600828
10660574
11008565
11008566
11009863
11009864
11009865
11009866
11009867
11009868
11009869
11009870
11009871
11009872
11009873
11009874
11009875
11009876
11009877
11009878
11009879
11009880
11009881
11009882
11009883
11010886
11011403
11011404
11011405
11011406
11011407
11011408
11011792
11016137
11016138
11016139
11026811
11026816
11026817
11026820
11026821
11026822
11026823
11026824
11026825
11026827
11026829
11027042
11027044
11027048
11027049
11027052
11027068
11027069
11027072
11027073
11043031
11077009
11077010
11077011
11077012
11107250
11107252
11111000
11111002
11128648
11128650
11131082
11132913
11132919
11140601
11140602
11140603
11140604
11140605
11140606
11140607
11145199
11145206
11145207
11145208
11145209
11145210
11145214
11145221
11145230
11145236
11147420
11147421
11147422
11147423
11147424
11147425
11147426
11147427
11147428
11158201
11159740
11159743
11159744
11159745
11159748
11159749
11159750
11159753
11159754
11159755
11159756
11159758
11159759
11193719
11193720
11193723
11195567
11201186
11201187
11201188
11201189
11201190
11201191
11201917
11202419
11202439
11202443
11202452
11207170
11207171
11207172
11207173
11207174
11207175
11207176
11207177
11207178
11207179
11207180
11207181
11207182
11207183
11207184
11207185
11217841
11220517
11220518
11221673
11221674
11221675
11221676
11221677
11221678
11221679
11221680
11221681
11221682
11221683
11221696
11230113
11230122
11242075
11245640
11284712
1309172
1617065
1617068
1963189
2002400
2002530
2002799
2002829
2002927
2003018
2003028
2255118
23057156
25920629
25920630
25920631
25920632
25920633
25920634
25920635
25920636
25934294
25934295
25934296
25934297
25934298
25934299
25963718
25969305
25969308
25975295
26010366
26010367
26010368
26010369
26010372
26010373
26010374
26010375
26011321
26011322
26026604
26026606
26026612
26043196
26043212
26044720
26044721
26057252
26057262
26057267
26057270
26057271
26057276
26057279
27925571
27945219
27945220
27945221
27945223
27945225
27945226
27945227
27945228
27945229
27945230
27945231
27945232
27945233
27945234
27945235
27945236
27945237
27945238
27945239
27945240
27945242
27945244
27945245
27945246
27945248
27945251
27945252
27945253
27945254
27945256
27951126
27959318
27962280
27962281
27962282
27962983
27962985
27976610
27976611
27976615
27976616
27976617
27982481
27982482
27982483
27982484
27982485
27982486
27982487
27982488
27982489
27982490
27982491
27982492
27982493
27982494
27994762
27994763
27994764
27994765
27994766
27994767
27994768
27994769
27994770
27994771
27994772
27994773
27994774
28143021
28151948
28151949
28151950
28151951
28151952
28151953
28151954
28151955
28151956
28151957
28151958
28151959
28151960
28151961
28171682
28171686
28180899
28186828
28186829
28186830
28186831
28191145
28191146
28191147
28191148
28191149
28191150
28191151
28191152
28191155
28191156
28191157
28191158
28191159
28191160
28191161
28199298
28199306
28201634
28201635
28201636
28201637
28201638
28201639
28201651
28202679
28202680
28202681
28202785
28202786
28202787
28202788
28202789
28202791
28202792
28202793
28202794
28202795
28202796
28205317
28205318
28205319
28205320
28205321
28205322
28205323
28205324
28205325
28205326
28205327
28205328
28205329
28205330
28205331
28205332
28205333
28205334
28205337
28228284
28228285
28228287
28228288
28228289
28228291
28232106
28232114
28232115
28232116
28239776
28239777
28239778
28239779
28239780
28239784
28239785
28239786
28239787
28239788
28239789
28239790
28239791
28239792
28239793
28239795
28239797
28239798
28239803
28239804
28239806
28239807
28239808
28321828
28321874
28321875
28321876
28325951
28325952
28325953
28325954
28329582
28344474
28401611
28401612
28401613
28401614
28401615
28401616
28401617
28464167
28464168
28464169
28464170
28464171
28464172
28464173
28480455
28480456
28480457
28480458
28480459
28480460
28508815
28523078
28523410
28523411
28523412
28523413
28523414
28523415
28523416
28523417
28523418
28523419
28523420
28523421
28523422
28523423
28523424
28523425
28523426
28523427
28523431
28523432
28523433
28523434
28523435
28523436
28523437
28523438
28523439
28523440
28523441
28523442
28523443
28523444
28533248
28533249
28533251
28533254
28533256
28533257
28533258
28533259
28554510
28597023
28597024
28597025
28597026
28597027
28597028
28597029
28597030
28597031
28597032
28598889
28676319
28676321
28676322
28676327
28676328
28699970
28699971
28699972
28699973
28699974
28699975
28699976
28699995
28699996
28700002
28700003
28700004
28700005
28700007
28700008
28704132
28802125
28808982
28808983
28808984
28819216
28819217
28819218
28829695
28834246
28834247
28834248
28834249
28834250
28834251
28834253
28834256
28834257
28871704
28871705
28871706
28872898
28872899
28897120
28897121
28897122
28897123
28897124
28897125
28897126
28897127
28897128
28897129
29026675
29041309
29080186
29133373
29133379
29133380
29133381
29133382
29133383
29160185
29160186
29160187
29160188
29316840
29316841
29316842
29316843
29316844
29316845
29316846
29316847
29316848
29316849
29316850
29316851
29316852
29322475
29324227
29324228
29324229
29324230
29324231
29324232
29324233
29352838
29352839
29352840
29352841
29352842
29352843
29352844
29352845
29352846
29352847
29352848
29352849
29352850
29352851
29352852
29352853
29352854
29352855
29352856
29352857
29352858
29352859
29352860
29352861
29352862
29352863
29352864
29352865
29352866
29352867
29352868
29352869
29367698
29367699
29367700
29367701
29367702
29367703
29367704
29438488
29442732
29442733
29442734
29442735
29442736
29442737
29442738
29466680
29466681
29466682
29466683
29466684
29466685
29466686
29466687
29497072
29497073
29497074
29497075
29533528
29533529
29533530
29571438
29571439
29571440
29571441
29571442
29571443
29571444
29571445
29571446
29571447
29571448
29576375
29581979
29581980
29581981
29581982
29581983
29581984
29581985
29581990
29581991
29581992
29581993
29581994
29581998
29581999
29617347
29617348
29617349
29617350
29617351
29617352
29617353
29617354
29617355
29617356
29617357
29617358
29617359
29617360
29617361
29617362
29617363
29617364
29617365
29617366
29617367
29617368
29617369
29617370
29617371
29617372
29617373
29617374
29617375
29638085
29638086
29647796
29690386
29690387
29690388
29690389
29690390
29690391
29690392
29690393
29697968
29718161
29718162
29718163
29718164
29718168
29718169
29718170
29718171
29718172
29718173
29718174
29718175
29718176
29718177
29718178
29718179
29718180
29718181
29718182
29718184
29763495
29763496
29763497
29763498
29763502
29763503
29763504
29763505
29763506
29763507
29763508
29763509
29810585
29840730
29840732
29840736
29840737
29840738
29840739
29840740
29840741
29840742
29840743
29840744
29840746
29840747
29840748
29840771
29840773
29904894
29904895
29904896
29904897
29904898
29904899
29904900
29904901
29904902
29904904
29904905
29904906
29904907
29904908
29904909
29904910
29904911
29904912
29904913
29904914
29904915
29904916
29904917
29904918
29904919
29904920
29904921
29904922
29904923
29988266
29988272
30040949
30194022
30194023
30194024
30194025
30194034
30419364
30419366
30419368
30419369
30419370
30419371
30419372
30419373
30419375
30419376
30419377
30419378
30419379
30419380
30419381
30419382
30454595
30454596
30454597
30454607
30519909
30519911
30519913
30519914
30519915
30547684
30547685
30548730
30624998
30624999
30625000
30625001
30625002
30625003
30728877
30802672
30822829
30822830
30822831
30822832
30822833
30822834
30822835
30822836
30836972
30836975
30836978
30836981
30836982
30836984
30836989
30836990
30836991
30840842
30891999
30892000
30900388
30900393
30900399
30900414
30900423
30900424
30901115
30939348
30939349
30939350
30939351
30939352
30939357
30939361
30939362
30939363
30939364
31139160
31139617
31192557
31192558
31192559
31192560
31192561
31192562
31192563
31192564
31192565
31192567
31192568
31192569
31192570
31192571
31192572
31192573
31382542
31382553
31382554
31382555
31382587
31382588
31382589
31382590
31382591
31382592
31382593
31382597
31382598
31382599
31382600
31382602
31513042
31592783
31592788
31592790
31592792
31664398
31664399
31664400
31664401
31664412
31664414
31664417
31664418
31672907
31672944
31802982
31809452
31809484
31809490
31809493
31809496
31809497
31809521
31809522
32030581
32046099
32046102
32046103
32111256
32165092
32165095
32165104
32165118
32165145
32165146
32165148
32165151
32300794
32300795
32300796
32300797
32300798
32300799
32300800
32364201
32452952
32452953
32481845
32492597
32492598
32600974
32600975
32650571
32650581
32650594
32650598
32650611
32650618
32650625
32650626
32770246
32770247
32770248
32770249
32770250
32770251
32770252
32770253
32770254
32770255
32770256
32770257
32770258
32770259
32770260
32770268
32770269
32770282
32770285
32770286
32770302
32770303
32770304
32770305
32770306
32770307
32770318
32770319
33123201
33123205
33123206
33123207
33123208
33123210
33123216
33136603
33136604
33267758
33495597
33495598
33495599
33495601
33495602
33496378
3363869
3364302
33716417
33716418
33716432
33716433
33716434
33716435
33716436
33716437
33771442
33771443
33771444
33771445
33771446
33771447
33771448
33771449
33836139
33836141
33836143
33836144
33871267
33871279
33871281
33884337
33894985
33894986
33894987
33894988
33894989
33952214
33952215
33952216
33952218
33952219
33952220
33952221
33952237
33952238
33952239
33952240
33952241
33952242
33952243
33952244
33952246
33952248
33952249
33952250
33952252
33952253
33952254
34042631
34067103
34123155
34123156
34123169
34123170
34123171
34123172
34123174
34123190
34123191
34218473
34235745
34235746
34266835
34266836
34266837
34266838
34266839
34266840
34266841
34266842
34266843
34266844
34266845
34266846
34266847
34266848
34266849
34266850
34266851
34266852
34266853
34266854
34266855
34266856
34266857
34266858
34266859
34266860
34280839
34280840
34280841
34280842
34280843
34280844
34280846
34280847
34280848
34280849
34280850
34280851
34280852
34280853
34280854
34294988
34294991
34294996
34295003
34390104
34390105
34390106
34390107
34390108
34390109
34390110
34390111
34390112
34390113
34390114
34390115
34390116
34390117
34390118
34390119
34390120
34390121
34390122
34390123
34390124
34440984
34440985
34440986
34440987
34440988
34441013
34441072
34441076
34441080
34441081
34441082
34441083
34441084
34494728
34494729
34494730
34494731
34494732
34494733
34494734
34494735
34494736
34494737
34494738
34494739
34494740
34494741
34494742
34523564
34557345
34557349
34557350
34557351
34557352
34557357
34557358
34564285
34564286
34564287
34564288
34564294
34614884
34614889
34623603
34623629
34774075
34774085
34774088
34775475
34775476
34775477
34775478
34775479
34775480
34775481
34775482
34775483
34775555
34775556
34775569
34775570
34775571
34775572
34775573
34973891
35008308
35008311
35008313
35008315
35008317
35008338
35008351
35008352
35008353
35008354
35008355
35008356
35008357
35008362
35019838
35043173
35043174
35043175
35043176
35043177
35043178
35043179
35043180
35043181
35043182
35043183
35043184
35043185
35043186
35043187
35043188
35043189
35083771
35083777
35083788
35225488
35225489
35225490
35225491
35225492
35225493
35225494
35225495
35225496
35225497
35225498
35225499
35225500
35225501
35225502
35225503
35225504
35225507
35258732
35258733
35258735
35258736
35258737
35258738
35258739
35258740
35258741
35258742
35258743
35258744
35258745
35258746
35258747
35343458
35343459
35343478
35343481
35343485
35343532
35343533
35343538
35343539
35343589
35343590
35429544
35429595
35429599
35429603
35429607
35429610
35429613
35429615
35429616
35429617
35429618
35431580
35493007
35493008
35493009
35493010
35493011
35493012
35493013
35493014
35493015
35493017
35493018
35493019
35493020
35493021
35679789
35679790
35679793
35679803
35679820
35727886
35727888
35727890
35727891
35727892
35727893
35727895
35727905
35727906
35727907
35727908
36127179
36152151
36195988
36198505
36198506
36198507
36198508
36198555
36198565
36198650
36198655
36198769
36640600
36640601
36640602
36696424
36696427
36696511
36696512
36696513
36696514
36696515
36696516
36696517
36696518
36696519
36696520
36696521
36696522
36696523
36696535
36696561
36696569
36696570
36696571
36696572
36696573
36696574
36696575
36696576
36696577
36696578
36696579
36696580
36696581
36725357
36775657
36824020
37411322
37411324
37411326
37411327
37411329
37411330
37411332
37411338
37411341
37411381
37411383
37411434
37411435
37411437
37733395
37733396
37733397
37733398
37733399
37733400
37733401
37733402
37749934
37749935
37749936
37749937
37749938
37749939
37749940
37749944
37801210
37801211
37801212
37801213
37801214
37801215
38140419
38521952
38534724
38534725
38540902
38540903
38545786
38683288
38683289
39025042
39025065
39025072
39025098
39025102
39025103
39025107
39025108
39025110
39025111
39025113
39025114
39025115
39025117
39025118
39025120
39067652
39067653
39067710
39539773
39539774
39539775
39539776
39539777
39539778
39539779
39805910
39805931
3982837
3982841
3989955
40229156
40229157
40229158
40229159
40229160
40276974
40276975
40276976
40276977
40276978
40276979
40276980
40276981
40276982
40276983
40276984
40276985
40276986
40276987
40276988
40276989
40278413
40278416
40278417
40278423
40278424
40314913
40314914
40314915
40386794
40462349
40486022
40587196
40703549
40887115
40887139
40999668
40999672
40999674
40999677
40999682
41246308
41246309
41246311
41246312
41246313
41246314
41246315
41246316
41623333
41623334
41897405
41897407
41897408
41897409
41897410
41897412
41897413
41897415
41897416
41897417
41897418
41897419
41897422
41897486
41897489
42062235
42062237
42062243
42062248
42062251
42062254
42062257
42062260
42062263
42062266
42062271
42086165
42163933
42218397
42400682
42400683
42400690
42400691
42502447
42681936
42793372
42834882
43570807
43570872
43825605
43837646
43837647
43837649
43837650
43837651
43837652
43837660
43837667
43837668
43837681
43837697
43837698
43837699
43837704
43837705
43837711
44050669
44050673
44050674
44050675
44050717
44457280
44457281
44755246
4479977
4479978
44802639
44845100
44845102
44845103
44845104
44845105
44845107
44882618
44882619
44882621
44882622
44882623
44882624
45116952
45116953
45116954
45116955
45116956
45116957
45116958
45116959
45116960
45116961
4516299
4516498
45263467
45385247
45385248
45385255
45385256
45385258
45385259
45385260
45385261
45385262
45385263
45385264
45385265
45385266
45385267
45385268
45385269
45385271
45385272
45608795
45608937
45624727
45624728
45624729
45624730
45624731
45624732
45624733
45624734
45624735
45906592
46006095
46006096
46006097
46006098
46006099
46006100
46006101
46006102
46006103
46006104
46006105
46006106
46006107
46006108
46006109
46006110
46006111
46006112
46006113
46006114
46006115
46006116
46006117
46006118
46006119
46006120
46006121
46006122
46068417
46068516
46068532
46068535
46068595
46068597
46139230
46139231
46139232
46139233
46139234
46139241
46139242
46139243
46139246
4614924
4614933
4614936
46279780
46279781
46279782
46295089
46295090
46295091
46295092
46295093
46295094
46295095
46295096
46295097
46295101
46295102
46295103
46295105
46295106
46295108
46295109
46295111
46295112
46295115
46295116
46295117
46295118
46295119
46295167
46295168
46295169
46295170
46295171
46295172
46377497
46379774
46478423
46478424
46478425
46478426
46478427
46478428
46478429
46478430
46478431
46478432
46478433
46478434
46478435
46478436
46478437
46478439
46478447
46511962
46511963
46511964
46511965
46511966
46511967
46511968
46511969
46511970
46511971
46511972
46511973
46511974
46511975
46601791
46768386
46768387
46768388
46768389
46768390
46768391
46768392
46768393
46768394
46768395
46768396
46768397
46768398
46768399
46803999
46821795
47593258
47739898
47739920
47811026
47811030
47839704
47839705
47839709
48073065
48073067
4831710
4831719
48358069
48358073
4836003
48409382
48409383
48409384
48409590
48590174
48597533
48606572
48606573
48606574
48606575
48606576
48606577
48606578
48606579
48606580
48675487
49107010
49107015
49107017
49107021
49107022
4931774
4937813
4937817
4937818
4937833
4990710
4990712
4990716
4990719
4996870
49997450
5006259
50154415
50154416
50154417
50154418
50154419
50154420
50154421
50154422
50154424
50154425
50154427
50154429
50154430
50515884
50515885
50515886
50515888
50515910
50515911
50515912
50515913
50515914
50515915
50515916
50515917
50515918
50515919
50515920
50515921
50634122
50671911
51107491
51107492
51107493
51107494
51107495
51107496
51107498
51107507
51107508
51107509
51107512
51107513
51107532
51107545
51107548
51107560
51107566
51107567
51178074
51247054
51394688
51394691
51394697
51432068
51435244
51435249
51435251
51699110
51746021
51746022
51842651
5195610
5195632
5195654
5195660
5210087
5210088
5210090
52253491
52253492
52253493
52253494
52253495
52253496
52253497
52253498
52253499
52253500
52253504
52253505
52253506
52253507
52463246
52481443
52481444
52481445
52481446
52481447
52481448
52481449
52481450
52529375
52548346
52548347
52548348
52548349
52548350
52548351
52548352
52548353
52548354
52548355
52576368
52576369
52576370
52576371
52576375
52576376
52576377
52576378
52576379
52576380
52576381
52576382
52576383
52576384
52576392
52576394
52576395
52576402
52576418
52576432
52576433
52576434
5271116
5271118
5271121
5271123
5271124
5271128
5271129
5271132
5271153
52796838
52921889
52921890
5292196
5293564
5293568
5326275
5326276
5326284
5326285
53539647
53539648
53539652
53539653
53539654
53539655
53539656
53539657
53539658
53539659
53539660
53539661
53539662
53539665
53539672
53774479
53774485
53774508
53774510
53774511
53774539
53774545
53990010
53990011
53990012
53990013
53990014
53990015
53990016
53990017
53990022
53990023
53990024
53990026
53990027
53990028
53990029
53990030
53990031
53990032
53990043
53990044
53990045
53990046
53990047
53990048
53990049
53990050
53990051
53990052
53990053
53990054
53990055
53990056
53990057
53990058
53990059
53990060
53990075
53990076
53990077
53990078
53990086
54176308
54176309
54176310
54176311
54326094
54326095
54960299
7020951
8411502
8412621
8413418
8414259
8440791
8481555
8513195
8513248
8513927
8514327
8514362
8514491
8514565
8515338
8517301
8517345
8517420
8517421
8518584
8518593
8518602
8518615
8518621
8518622
8518623
8518652
8518653
8518662
8518664
8518691
8518712
8518714
8518733
8518742
8518754
8518767
8518777
8518781
8518793
8518810
8518814
8518816
8518823
8518832
8521904
8522863
8524538
8524733
8524749
8524796
8525051
8525066
8525143
8525152
8525200
8525207
8525211
8525219
8525237
8525246
8525258
8525271
8525290
8525311
8525331
8525358
8525374
8525426
8526529
8526530
8526531
8526621
8526629
8526632
8526633
8526988
8527079
8527080
8531177
8531248
8531249
8531250
8531435
8531436
8531900
8531901
8532180
8532229
8532230
8532338
8532339
8532340
8532498
8532499
8532796
8532809
8532854
8533102
8533103
8533156
8535556
8537028
8537039
8537161
8537353
8537526
8537544
8537589
8537806
8537892
8537932
8537993
8537996
8538066
8538094
8538131
8538254
8538306
8538405
8538445
8538542
8538577
8542346
8542347
8542348
8542349
8542350
8552660
8552661
8552662
8552664
8552665
8552669
8552670
8561273
8561275
8561276
8561278
8561286
8561292
8561294
8561299
8561306
8561309
8561310
8561312
8561317
8561324
8561333
8561334
8561336
8561337
8561338
8561339
8561340
8561341
8561342
8561343
8561346
8573895
8585836
8586619
8607055
8607058
8607059
8607133
8607134
8607135
8607136
8607137
8607138
8607139
8607140
8607141
8607142
8607143
8607144
8607145
8607146
8607147
8607148
8607149
8607150
8607151
8607152
8607153
8607154
8607155
8607156
8607157
8607160
8607161
8607162
8607163
8607164
8607165
8607166
8607167
8607168
8607169
8607170
8607171
8607172
8607477
8607478
8641783
8663467
8663468
8663469
8663470
8663471
8663472
8663473
8663474
8663475
8663476
8663477
8663729
8663730
8663731
8663732
8663733
8663734
8663986
8663987
8663988
8663989
8663990
8663991
8677759
8680753
8684993
8684996
8684999
8685001
8685002
8685003
8685028
8685029
8685032
8685034
8685038
8685039
8685041
8736611
8737252
8737253
8737254
8737255
8737256
8737257
8737258
8737259
8737261
8737262
8737263
8737265
8737267
8737268
8737272
8737273
8737274
8737275
8737277
8737278
8737279
8737280
8737281
8737283
8737285
8737286
8737287
8737288
8737289
8737290
8737291
8737292
8737293
8737294
8737295
8737296
8737299
8737300
8737582
8737583
8737584
8737733
8737734
8737735
8740033
8751370
8752307
8755948
8755952
8755978
8755985
8755988
8764124
8798465
8798466
8798467
8798468
8798469
8798470
8798471
8798472
8798473
8798474
8798475
8798476
8798477
8798478
8798479
8798480
8798481
8798482
8798789
8798827
8798867
8798971
8799154
8799155
8801220
8801221
8801222
8810686
8817531
8817537
8817546
8817547
8817571
8817573
8817574
8817576
8860433
8860434
8860435
8860436
8860437
8860438
8860439
8860440
8860441
8860442
8860443
8860444
8860445
8860446
8860447
8860448
8860449
8860450
8860451
8860452
8860453
8860454
8860455
8860456
8860457
8860458
8860459
8860460
8860461
8860462
8860463
8860464
8860465
8860466
8860467
8860468
8860469
8860470
8860471
8860472
8860473
8860474
8860475
8860476
8860477
8860478
8860479
8860480
8860481
8860482
8860483
8860485
8860486
8860487
8860488
8860489
8860490
8860491
8860492
8860493
8860494
8860495
8860496
8860497
8860498
8860499
8865213
8865214
8880789
8880798
8880799
8880823
8880832
8880833
8886094
8889759
8889760
8927216
8927217
8927218
8927219
8927220
8927221
8927222
8927223
8927225
8927226
8927227
8927230
8927231
8927232
8927233
8927235
8927236
8927237
8927238
8927239
8927240
8927241
8927242
8927243
8927244
8927245
8927246
8927247
8927248
8927249
8927250
8927646
8940943
8940999
8941084
8942710
8943154
8943213
8943380
8943382
8943957
8946156
8946160
8946163
8946164
8946167
8946171
8946177
8946181
8946185
8946186
8946187
8946188
8946189
8946191
8946192
8946193
8946198
8946201
8952494
8952495
8952496
8952497
8953885
8958138
8958156
8960407
8960421
8963109
8988593
8988594
8988595
8988596
8988597
8988598
8988599
8988600
8988601
8988602
8988603
8988604
8988605
8988607
8988608
8988609
8988610
8988611
8988612
8988613
8988614
8988615
8988616
8988617
8988618
8988619
8988620
8988621
8988622
8988623
8988624
8988625
8988626
8988627
8988628
8988629
8988630
8988631
8988632
8988633
8988634
9001945
9009370
9009389
9009390
9009394
9009395
9009397
9009398
9009401
9009402
9056637
9056638
9056639
9056640
9056641
9056642
9056643
9056645
9056646
9056649
9056650
9056651
9056653
9056654
9056658
9056659
9056660
9056661
9056662
9056663
9056664
9056665
9056666
9056667
9056668
9056669
9056670
9056671
9056672
9056690
9056691
9065392
9074313
9074315
9074316
9074317
9074323
9074327
9074334
9074339
9074342
9074343
9074345
9074346
9074347
9074348
9074349
9074350
9074351
9074352
9074353
9074354
9074355
9074356
9074357
9074358
9079085
9081821
9086330
9086331
9086333
9086335
9086337
9086338
9086339
9097552
9116921
9116922
9116925
9116927
9116929
9116931
9116932
9116934
9116935
9116936
9129226
9135575
9135582
9135601
9135602
9135608
9135614
9135615
9175826
9175827
9175828
9175829
9175830
9175831
9175832
9175833
9175834
9175835
9175836
9175837
9175838
9175839
9175840
9175841
9175842
9176113
9176114
9176115
9176118
9176120
9176182
9193755
9193758
9193761
9193766
9193767
9193769
9193770
9193772
9193787
9193788
9193789
9193790
9193791
9193792
9193793
9193796
9193797
9205267
9205622
9205623
9205636
9207590
9234743
9234744
9234745
9234746
9234747
9234748
9234749
9234750
9234751
9234752
9234754
9234756
9234757
9245916
9246234
9246531
9246532
9246533
9246534
9246540
9246541
9246542
9246543
9246545
9252036
9252039
9252040
9252043
9252048
9252049
9252050
9252051
9252052
9252053
9252056
9252068
9252070
9252071
9252072
9256658
9292301
9292320
9292367
9292585
9292587
9292589
9292591
9317925
9317928
9317930
9317932
9317933
9317934
9317936
9317943
9317946
9317947
9376182
9376185
9376186
9376187
9376188
9376189
9376190
9376191
9376192
9376193
9376194
9376195
9376196
9376197
9376198
9376199
9376200
9376203
9376208
9376209
9376211
9376212
9376213
9376214
9376215
9376216
9376217
9376218
9376219
9376220
9376221
9376222
9376244
9376245
9376246
9376247
9376248
9376249
9376250
9376251
9376320
9376321
9376490
9376491
9379506
9381097
9381099
9383526
9383527
9383528
9383529
9383530
9383531
9383536
9383537
9383538
9383541
9384669
9387907
9388102
9388103
9388104
9389798
9390878
9392719
9396850
9396852
9396853
9396857
9396861
9396870
9396880
9396882
9396883
9396884
9396885
9396886
939976
9401627
9401822
9409971
9409980
9409981
9410024
9410025
9410026
9410027
9411055
9411056
9411057
9412577
9413974
9417773
9418065
9418641
9418692
9419743
9419912
9443192
9443193
9443194
9443195
9443196
9443197
9443207
9443208
9443209
9443210
9443211
9443212
9443215
9443221
9443224
9443227
9443229
9443231
9443232
9443233
9443234
9443620
9443621
9443622
9443623
9443624
9443625
9443626
9443627
9443628
9443629
9443630
9443631
9461599
9504022
9504023
9504024
9504025
9504026
9504027
9504028
9504029
9504030
9504031
9504032
9504033
9504034
9504035
9504036
9504037
9504038
9504039
9504040
9504041
9504042
9504043
9504044
9504045
9504046
9504047
9504048
9504049
9504050
9504051
9504052
9504053
9504054
9504055
9504057
9504058
9504059
9504060
9504061
9504062
9504063
9504064
9504065
9504066
9504067
9504068
9504069
9504070
9504071
9504072
9504073
9504074
9504075
9504076
9504077
9504078
9504079
9504080
9504081
9504082
9504114
9504115
9509105
9545515
9574840
9574841
9574842
9574926
9574927
9574928
9574929
9574930
9574931
9574932
9574933
9574934
9574935
9574936
9574937
9574938
9575213
9592532
9592537
9592550
9592557
9592559
9592564
9592565
9592567
9592568
9592574
9592575
9592579
9592580
9602304
9619341
9622053
9622054
9623937
9624898
9631466
9631467
9631468
9631469
9631470
9631471
9632166
9646999
9648585
9648826
9649230
9649346
9650201
9650581
9655460
9655461
9655492
9655589
9655591
9655592
9655593
9655594
9655596
9655597
9655599
9655601
9655602
9655603
9686072
9710666
9710667
9710668
9710669
9710670
9710671
9710672
9710673
9710674
9710675
9710676
9710677
9710678
9710679
9710680
9710681
9710693
9710694
9710695
9710697
9710698
9710699
9710700
9710701
9710702
9710703
9710704
9710705
9710706
9710739
9710740
9710741
9710742
9711125
9711126
9711127
9711128
9711203
9711204
9711205
9711206
9711207
9711208
9711209
9711210
9711211
9711212
9711213
9711289
9711290
9711291
9711292
9711293
9711294
9711295
9711296
9711565
9760389
9760390
9760391
9760392
9760393
9760394
9760395
9760396
9760397
9760398
9760399
9760400
9760401
9760402
9760403
9760404
9760405
9760406
9760407
9760408
9760409
9760410
9760411
9760412
9768669
9768684
9768685
9768726
9768729
9768741
9768743
9768752
9774180
9777204
9781512
9782904
9783616
9786941
9786947
9786954
9786959
9786961
9786962
9786963
9801999
9802003
9802004
9802005
9802007
9802008
9802010
9802011
9802013
9802021
9802033
9819333
9819682
9819683
9845901
9845902
9845903
9845904
9845905
9845906
9846262
9846263
9846264
9846265
9846266
9846267
9846268
9846269
9846270
9846271
9846272
9846273
9846274
9846275
9846276
9846277
9846278
9846279
9846280
9846281
9846291
9846292
9846293
9847139
9877136
9881000
9881003
9881006
9881008
9881009
9881010
9881011
9881029
9881030
9881031
9881032
9881033
9881040
9881041
9881042
9881043
9881044
9881045
9881047
9881048
9881049
9881051
9881052
9881055
9881057
9905079
9905395
9905897
9905898
9905899
9905900
9905901
9905904
9905905
9905914
9905920
9905921
9905922
9906160
9906161
9906162
9906163
9906164
9906165
9906166
9906167
9906168
9921801
9934292
9934303
9934304
9934305
9934307
9936463
9947328
9947329
9948048
9957076
9957078
9957085
9957089
9957090
9957093
9957094
9957099
9957100
9957101
9957104
9957105
9957106
9957107
9957108
9957109
9957112
9957113
9957114
9957115
9957117
9957119
9957121
9957123
9957124
9957125
9957126
9957127
9957128
9957131
9957139
9957143
9957148
9957155
9957156
9957159
9968104
9973965
9973966
9973983
9974014
9974015
9977319
9985883
9985888
9985889
9985892
9985894
9985895
9985897
9985899
9985900
9985901
9985902
9985903
9985904
9986009
9990982
9990983
9990984
9990985
9990986
9990987
9990988
9990989
9990990
9990991
9990992
9990993
9990994
9990995
9990996
9990997
9990998
9990999
9991000
9991001
9991002
9991003
9991004
9991005
9991006
9991007
9991008
9991009
9991010
9991011
9991012
9991013
9991014
9991015
9991016
9991017
9991345
9991346
9991347
9991348
9991349
9991350
9991351
9991352
9991353
9991354
9991414
9991871
9991872
