10019987
10020625
10020642
10021988
10022143
10022660
10023369
10034745
10038123
10038124
10039757
10044180
10044332
10044333
10044334
10044335
10044348
10045373
10049860
10049951
10053849
10053952
10054537
10054538
10055175
10057110
10057117
10057228
10057229
10058332
10059458
10060986
10060987
10060994
10063397
10063398
10063399
10065991
10071630
10071631
10071633
10071709
10073977
10078375
10079355
10083089
10083887
10084455
10089148
10089610
10090570
10102940
10102947
10102948
10102949
10102952
10102953
10102955
10103003
10103880
10106108
10107068
10108643
10108767
10108768
10116340
10116756
10117076
10117533
10118628
10119050
101206
101208
10121436
10121437
10121438
10121439
101220
10123059
10123060
10127442
10127453
10129604
10129913
10132995
10133169
10133170
10133171
10133176
10133177
10134125
10139475
10139476
10139477
10139478
10139485
10139501
10139574
10140637
10140645
10141691
10142898
10143150
10143541
10143545
10145482
10151117
10153661
10153662
10155926
10160592
10163385
10163939
10170577
10183682
10185642
10185648
10185890
10187243
10187244
10187594
10187838
10187912
10188362
10188471
10191599
10196901
10202508
10214826
10214828
10214832
10214837
10214842
10214965
10214968
10214976
10217736
10218461
10218471
10218473
10219046
10219614
10219621
10219622
10219624
10219625
10219627
10219640
10219645
10222843
10223614
10223618
10224302
10224303
10224734
10226736
10227211
10238572
10239476
10239477
10241847
10241848
10241849
10241850
10241851
10241852
10241853
10247070
10248274
10248285
10248716
10248741
10249967
10250161
10250238
10250501
10250618
10250676
10250716
10250806
10251678
10251793
10252146
10252291
10252977
10254455
10254605
10254730
10255309
10255633
10272239
10273381
10273386
10273409
10275152
10275162
10275163
10277592
10277648
10277649
10279174
10280292
10280401
10280425
10280426
10280427
10280428
10280429
10280430
10281032
10281033
10281034
10281037
10281038
10282011
10282012
10282013
10282014
10287767
10301143
10301647
10304021
10308521
10311313
10311634
10312040
10312347
10312470
10312472
10312569
10313915
10316027
10317183
10317211
10317580
10318612
10322165
10322231
10324946
10327786
10327912
10328844
10330608
10332587
10334136
10334137
10334138
10336469
10341780
10343788
10346236
10346237
10354199
10357538
10359390
10359887
10363117
103643
10367784
10377565
10377786
10377880
10380328
10380828
10381482
10381832
10381858
10385797
1038936
10394132
10394134
10394135
10394791
10394931
10397265
10404245
1041035
1041037
10410917
10410940
10415208
10415209
1041585
104179
104183
104186
10418737
10419238
10420117
10422342
10423301
10424385
10424397
10424426
10424469
10428646
10428743
10430071
10430618
10431216
10431217
10431475
10433474
10435461
10435465
10436415
10438705
10438711
10439851
10439862
10439863
10445948
10447481
10450600
10451136
10451430
10460888
10461313
10463257
10474858
10474859
10478053
10488243
10488273
10494111
10495379
10495380
10495381
10495382
10495383
10495384
10503493
10506083
10512095
10512096
10517539
10528987
10528988
10528989
10528990
10528991
10529119
10529131
10529246
10529618
10529997
10533063
1053433
10538261
10540601
10540834
10544235
10544236
10545848
10565664
10581685
10588493
10632033
10632034
1066378
10667133
10668130
10668167
10668168
1073883
10747408
10759353
10759355
10759357
10801897
108080
108127
10813357
108150
108151
1081964
10822602
10822659
10822660
10835634
108481
10860948
10878318
1090574
11000341
11002290
11009029
11014526
11014555
11014570
11014571
11014576
11014577
11017679
11017697
11020187
11020823
11021788
11035457
11035847
11035848
11035849
110370
11043309
11043323
11047691
11053910
11058324
11058327
11058329
11064207
11065129
11065707
11069106
11069110
11071336
11078182
11078183
11078184
11078424
11078425
11078427
11078429
11078431
11078432
11078434
11078436
11078497
11080159
11080160
11080161
11080162
11086754
11086755
11086763
11087051
11088993
11088994
11088995
11090284
11090291
11090832
11091798
11097122
11097809
11097812
11104168
11106117
11110217
11132072
11132083
11137892
11144186
11144187
11152985
11158722
11158911
11158912
11161363
11161364
11161365
11161366
11161367
11161368
11161369
1116472
11164804
11164823
11164829
11176193
11176195
11178077
11178078
11178079
11178080
11178081
11178082
11178083
11178084
11178085
11178086
11178087
11178088
11178089
11178090
11178091
11178092
11178093
11178094
11178095
11178096
11178097
11178098
11178099
11178100
11178101
11178102
11197435
11203217
11216493
11217299
11217300
11217561
11218770
11238299
11241282
11241288
11242749
11242750
11244938
11244939
11244940
11253879
11253880
1125696
1125856
11266310
11266463
11266464
11270082
11271630
11283200
11287329
11287330
11291149
115677
116286
1167755
1168142
1168148
1171383
1171888
118218
1182544
1185532
1185541
118650
1191640
119509
1205631
1207176
1207229
1212507
1213467
1214606
1215226
1216348
1232494
1241658
1247179
1247180
1247298
1247302
1247318
1248428
1253636
126297
126668
1267942
127080
128950
1292130
1292228
1292375
1292389
1292394
1292395
1292426
1292501
1301216
1304289
1308135
1308143
1308159
131113
1313464
131742
1318832
131923
1320263
132597
132599
1353109
1355355
1356363
1356378
1356467
1362495
138138
1390807
141908
1427810
1441337
1441387
1441459
1441463
1441849
1441875
1443975
145866
145875
147630
148528
149278
1502494
1503386
1503708
1504128
1504173
1504189
1504208
1504242
1511259
1511302
1514322
1514328
151666
151669
1519474
1519500
1536596
1538244
1538392
1539304
1539316
1539578
1545353
1550904
1556642
1559710
1560011
1560021
1560166
1560174
1560384
1560407
1560491
1566599
1566642
1566697
1566704
1566724
1567097
1567321
1574184
1574185
1575379
1575382
1623116
1626219
1626228
1628340
1628436
1629541
1635306
1635504
1638232
1638289
1638387
1638773
1640648
1642430
164924
1649918
1651712
1651717
1653035
1653619
1653906
1653919
1660369
1661660
1663228
1665070
1665086
1665130
1665170
1665174
1665178
1667569
167444
1698385
1700157
1705270
1717983
1718156
1728387
1729424
1733055
1737003
1746386
1746388
1746390
1748096
1748334
1752952
1752956
1753238
1754600
1754613
1754691
1756454
1758897
1764663
1764774
1798437
18119949
1814646
18547
18549
18557
18572
18577
18596
18648
18652
18671
18674
18680
18753
18794
18799
18801
18812
18814
18815
18817
18821
18825
18834
18841
18844
18848
18850
18864
18872
18873
18875
18879
19223310
1941349
1975914
198207
1986568
2010956
2020954
2038469
2040132
2040382
2044175
2044319
2052233
208006
208022
2088111
2092044
2093630
2094854
2107605
2107606
2107611
2107612
2107616
2107620
2107624
2107625
2107648
2107652
2107653
2107657
2119091
2121593
2150616
2154955
2155387
2158162
2158383
2160492
2168960
2187332
2189352
2189365
2190887
22055175
2206041
2207601
22824184
22824186
22828670
22830623
22830625
22830667
22830669
22830670
22832181
22834316
22837798
22846037
22851419
22860031
22868475
22868480
22871610
22893482
22893484
22893485
22955230
22955231
22956774
22956776
22956777
22958295
22962747
22967062
22969205
22969376
22970403
23047709
23048201
23051248
23054784
23056289
23059469
23059494
23061571
23136401
23136402
23140864
23141561
23142105
23144551
23145657
23146468
23154658
23164654
23164657
23222259
23223230
23224508
23224509
23224511
23224513
23226417
23227468
23227795
23251148
23251391
2330033
23308171
23308699
23310357
23310408
23310409
23310425
23310436
23310439
23312221
23318224
23319571
23319572
23319830
23319831
23320390
2332296
2332411
2332438
2333501
23397171
23400277
23401084
23401200
23401201
23401202
23401203
23401204
23401208
23401209
23402446
23407310
23407322
23408172
23410804
23410805
23411610
23411611
2344310
2344433
2344456
2345362
2346515
2346552
2346562
2346802
2347353
2347355
23484919
23485559
23489427
23490392
23493034
23493035
23496635
23496636
23496638
23496941
2355844
2356205
2356369
2356400
23566095
23566160
23566783
23566815
23567869
23568454
23569166
23569338
23569339
23570717
23570718
23570719
23570847
23570848
23570873
23572581
23572582
2357343
23573491
23573618
23574071
23574074
23574075
23574077
23577831
23578077
23578989
23587578
23587581
23588873
23619
23626
23628
2364542
23657955
23659036
23660774
23665099
23667724
23738704
23739823
23740337
23751093
23756005
23759408
23759409
23759410
23759411
2380307
23827591
23828022
23828159
23828231
23832640
23833149
23833150
23836220
23838445
23844478
2391280
23914064
23914065
23919887
23922062
24062222
24062753
24094833
2414724
2415842
2416453
2418165
2423407
2427123
24282663
2430078
2436636
2437436
24421428
24425171
24511591
24573997
24578933
24643662
24657488
24714570
24729272
24775
24777
24784
24788937
24794067
24794069
24794627
24794758
24800731
24800853
24876595
24880895
2511103
25115062
25402872
25587671
25590241
25590810
25593677
2562019
25668776
25671031
25671255
25671760
25671761
25671764
25671765
25672031
25672606
25678935
25679443
25680061
25683154
25756187
25756188
25756641
25761973
25761987
25764642
25764643
25764644
25764645
25764646
25764647
25764648
25764649
25764650
25764651
25764652
25764653
25764654
25764655
25764656
25764657
25764658
25764659
25764660
25764661
25768414
25768415
25768416
25773859
25832599
25832603
25834546
25835001
25838165
25839425
25839916
25840292
25841274
25841281
25842446
25842573
25843897
25843898
25843899
25843900
25849474
25856768
25904488
25915018
25920729
25922560
25922571
25922572
25922573
25922574
25924445
25924446
25928521
25929120
25929121
25929139
25929140
25929141
25929142
25929381
25933641
25933642
25943916
25948160
25953857
25953858
25960481
25961718
25971644
25971645
25971646
25971647
25971649
25971652
25974979
25976674
25976675
25976676
25976677
25993430
25998211
25998212
25998236
25998260
25998261
25998262
25998263
25998264
25998265
25998266
25998267
25998268
25998269
25998270
25998272
25998273
25998274
26002148
26002149
26007523
26007524
26007525
26007531
26007542
26007543
26007544
26007545
26007546
26007548
26007551
26007556
26007558
26012394
26014003
26016165
26021357
26025137
26033104
26033105
26033106
26033107
26033108
26033109
26033110
26033111
26033113
26033114
26033115
26033116
26033117
26033525
26042867
26042868
26042869
26044652
26044653
26044654
26044655
26044656
26044657
26044661
26044662
26044663
26044664
26044665
26044666
26044667
26044668
26044669
26044670
26044672
26044673
26044674
26052002
26052003
26052004
26052005
26052012
26052013
26052014
26052015
26052016
26052017
26055007
26055008
26055009
2608829
261131
26167388
26168175
26169513
26169514
26170602
26172719
26407194
26426997
26426999
26485037
26491953
26493482
2652474
2661048
2661049
26685809
26702135
26711676
26712002
26713099
26713374
26715475
26722644
26722662
26763715
26801798
26822443
2690301
2690439
26916372
2694471
2694888
2697191
2699703
270366
27046703
2704763
2704764
2705753
27059231
2706167
2706215
2706217
2706334
2706477
2706519
2707027
2707421
2707831
2708926
2709608
2710498
2712807
2712831
2712832
2713349
27139
27149
27153
27191
27203
27219
27224
27225
27226
27230
2723168
27232
2723248
2723497
2723594
2723722
272513
272533
272672
2728003
2728010
2728030
2728532
2728733
27332312
273357
2734226
274022
2744956
2749109
2750023
2757866
277060
27773737
27792793
27798998
27834872
27838285
27846958
27851610
27857322
27895836
27915144
27915461
27915462
27927145
27941123
2794393
27950128
27950129
27952882
27954672
27954673
27954684
27966728
27966729
27968070
27968071
27968072
27968073
27968074
27968075
27968076
27968077
27981002
27981099
27984046
27984340
27989943
27991590
27994483
27994484
27994485
27994486
27994640
28001353
28019848
280447
280456
28049680
28076179
28104078
28110399
28118082
28119699
28152924
28153560
28157933
28161180
28161181
28161182
28161183
28161184
28161185
28161186
28161187
28161188
28161189
28161190
28161191
28161192
28167867
28167868
28167869
28167870
28167871
28167872
28167873
28167874
28167875
28167876
28167877
28167878
28167879
28167880
28170813
28170816
28170817
28170818
28170819
28170822
28170823
28170824
28170826
28170829
28170830
28170831
28170832
28170833
28170834
28170835
28170836
28170837
28170839
28170840
28170841
28170842
28170843
28170844
28170846
28170849
28170850
28171116
28171231
28171237
28171245
28173580
28173582
28182448
28182449
28182450
28182452
28182453
28182454
28182456
28182457
28182458
28190236
28190610
28191477
28192576
28192577
28192578
28192579
28192580
28192685
28194313
28195141
28195142
28195143
28195144
28195145
28195146
28195147
28195148
28195149
28195150
28195151
28195152
28195153
28195154
28195155
28195156
28195157
28195158
28195161
28197518
28197519
28197520
28197521
28197522
28197930
28201456
28201470
28202606
28203168
28203169
28203455
28203456
28206554
28210231
28210271
28211585
28218902
28218905
28221011
28221809
28221816
28222265
28222267
28222467
28222468
28222910
28222911
28222912
28222913
28222914
28224300
28224303
28224779
28233609
28233610
28233616
28233617
28234101
28236618
28237000
28237006
28259863
28260289
28287444
28297803
28300624
28308835
28318150
28319630
28321517
28321518
28321519
28321520
28321521
28321522
28321523
28328220
28328221
28329318
28329319
28329320
28329324
28329327
28336210
28342054
28342055
28344865
28344870
28344871
28344872
28344873
28344874
28346121
28346122
28346123
28347877
283783
28387605
28387606
28387607
28387608
28388157
28389701
28389709
28389713
28389722
28406810
28406946
28406947
28406949
28406951
28409687
28409688
28409689
28409690
28409691
28409692
28409693
28418253
28418614
28418616
28418617
28419027
28439247
28439255
28446526
28446528
28448219
28451823
28456285
28462528
28462868
2846379
284641
28484202
28484203
28484204
28484205
28484224
28484226
28484227
28486170
28491942
28497286
28497287
28508922
28508938
28508939
28508940
28508941
28508942
28508943
28508944
28508945
28508946
28508947
28508952
28508953
28508954
28508955
28508957
28518839
28518840
28518842
28518843
28518846
28518866
28518867
28518868
28518871
28518872
28552809
28552810
28552813
28552820
28555618
28555631
28573
28577573
2857758
28591858
28591860
28593858
28593859
28593860
28593862
28593863
28593864
28595032
28595033
28595811
28595814
28595815
28595816
28595817
28595818
28595819
28595820
28595821
28595822
28595823
28598477
28598478
28614334
28614337
28614338
28614339
28617472
28643261
28663050
28663052
28673487
28674338
28674339
28674547
28684443
28693787
28694424
28694426
28699425
28699429
28699431
28699711
28702985
28703944
28704325
28704326
28704327
28704328
28704329
28704330
28704331
28704332
28704333
28705574
28706139
28713372
28741070
28741071
28741072
28741073
28741077
28741085
28741095
28741100
28741102
28741103
28741104
28752497
28752498
28752499
28753087
28757101
28757102
28757103
28757104
28757106
28758954
28758955
28758956
28758957
28758967
28758968
28758969
28758970
28758971
28758972
28758973
28758974
28758975
28758976
28774295
28774297
28774298
28774299
28774300
28774301
28774960
28777436
28782964
28782965
28786462
28786463
28786484
28786671
28786672
28786673
28786674
28786675
28786676
28786677
28786678
2879781
2879830
28801704
28801705
28801706
28801707
28801708
28804650
28804955
28805048
28813905
28825418
28826507
28826508
28826509
28826510
28826512
28826515
28826518
28832989
28832990
28832991
28832992
28832993
28834515
28836599
28846561
28846562
28846579
28846580
2885051
28854864
28854865
28854866
288683
28868957
28872343
28872344
28872345
28872362
28872363
28872364
28873222
28873935
28873936
28873937
28885215
28891814
28891815
28891818
28891819
28891820
28891821
28891822
28891823
28891824
28891875
28891877
28892599
28894183
28895480
28897055
28900504
28925796
28925797
28932172
2893251
28937398
28937399
28941425
28941431
28950720
28950721
28950723
28950725
28958871
28961906
28961916
28966392
28966403
2897159
28975167
28975171
28975173
28977594
28978003
28978009
28978011
28978961
28989572
28989573
28989575
28989576
28989577
28989585
28989851
28998526
28998531
28999312
29005900
29014205
29018256
29025709
29025712
29025715
29025716
29025753
29025754
29025797
29025798
29025800
29025811
29025812
29025813
29025814
29025817
29025818
29025819
29025820
29025821
29027012
29027013
29027014
29037703
29037704
29037705
29040243
29040244
29040245
29040246
29040247
29040248
29040249
29040250
29040251
29040252
29040254
29043244
29043248
29043252
29043253
29044398
29044399
29045222
29045225
29045228
29045230
29054458
29061079
29061084
29061085
29061086
29061090
29061327
29061328
29074268
29074269
29074270
29074271
29074272
29074273
29074274
29075721
29075722
29075726
29075727
29079155
29080758
29080761
29080765
29080768
29080771
29080775
29085110
29089438
29094325
2909453
2909785
29100082
29100083
29100084
29100085
29108424
29108425
29116329
29132877
29136342
29140
29141
29143566
29145356
29147
29147066
29153587
29155325
29155327
29155328
29156904
29156907
29156908
29158177
29160271
29169081
29170829
29170830
29170831
29170832
29179333
291811
29189084
29189086
29192233
29192234
29192235
29192236
29193281
2919390
2919430
2919464
2919645
29206360
29206361
29206362
29206363
29206364
29212818
29212820
29212821
29219162
29220141
29220142
29220143
29227842
29239013
29242621
29243835
29243837
29246147
29249342
29250348
29250349
29253730
29253967
29253968
29257222
292574
29257707
29257708
29257709
29257710
29263949
29263951
29268615
29278061
29293676
29293680
29301704
29304348
29308654
29312670
29320110
29320111
29320132
29320134
29320135
29320138
29320139
29320141
29320142
29320143
29320147
29320149
29320150
29322304
29322305
29322306
29322307
29322308
29322309
29322310
29322311
29322312
29325268
29325269
29325270
29325271
29325272
29325273
29325274
29325275
29325276
29325277
29325278
29325279
29325280
29325293
29325326
2932639
2932643
2932671
2932685
2932717
2933019
293326
29337028
29337075
29337103
29337107
29337108
29344882
29344891
29344893
29344943
29344946
29344947
29344948
29344949
29344950
29345238
29345239
29345240
29346729
29347036
29347731
29347732
29347733
29350059
29350060
2936148
2936192
2936270
2936316
2936337
2936366
2936645
2936722
29367926
2936833
2936841
2936875
2936880
29374221
29375135
29375742
29377767
2938173
2939504
2939507
2939896
2939941
29407151
29426975
29431413
29432907
29434940
29440300
29440313
29442180
29442195
29448444
29448445
29448494
29448495
29448496
29448497
29448498
29448499
29451714
29452185
29452187
29452188
29456684
294625
29464623
29466440
29466444
29469985
29469987
29469989
29469991
29471268
29471269
29471276
29471277
29471278
29472539
29472554
29483484
29483485
29483486
29483487
29483488
29495827
29495830
29495831
29498176
29498178
29498181
29498775
29502815
29502816
29502817
29502818
29502955
29509131
29519682
29519683
29519684
29520345
29521324
29525625
29529976
29533233
29536117
29536118
29536119
29536120
29536121
29536122
29536123
29536133
29536137
29536138
29536139
29536140
29536141
29536142
29536144
29536145
29536172
29536173
29536174
29536175
29536176
29536177
29536178
29536179
29536180
29536181
2954076
29571832
29575300
29575301
29575302
29575303
29575304
29575305
29575306
29575307
29575762
29575763
29575764
29577419
29577619
29577620
29577621
29577622
29577623
29577624
29577625
29577626
29583303
29583304
29584629
29585237
29585246
29585247
29585248
29585259
29585260
29585261
29585262
29585263
29585264
29585265
29585266
29585268
29585269
29585271
29590130
29592451
29592452
29592453
29592458
29592459
29592460
29592461
29592462
29592463
29592464
29592465
29592466
29592467
29592468
29592469
29592470
29592472
29592473
29592474
29604262
29604265
296182
29621567
29622670
29622671
29622672
29622673
29622674
29622675
29622676
29622677
29634762
29643670
29649009
29654850
29659181
29675812
29678997
29678998
29679958
29690231
29690232
29690721
29690724
29690725
29690726
29695518
29695519
29695576
29695577
29695587
29695590
29695596
29695853
29696179
29696180
29696181
29696182
29696191
29696456
29709482
29714673
29714689
29714690
29716515
29716516
29726927
29732014
29741918
29741922
29747986
29747987
29747988
29747989
29755073
29768173
29789681
29790167
29790168
29793061
29799900
29802297
29802298
29802299
29802300
29802301
29802302
29802303
29802304
29802305
29802306
29802307
29812463
29816796
29816797
29816798
29821842
29821843
29821844
29821845
29821846
29821847
29823790
29823791
29823792
29823793
29823818
29830630
29830631
29856319
29856324
29856325
29856326
29856328
29872806
2988032
29881445
29894957
29897508
29901598
29901599
29902871
29903919
29904174
29904175
29904176
29904183
29904184
29904185
29904189
29904190
29904191
29904192
29904193
29904194
29906661
29906663
29906665
29906666
29906668
29906670
29906672
29906674
29906676
29906678
29906680
29906688
29941183
29941186
29941187
29941188
29941539
29952729
29952730
29952731
29952732
29953793
29953794
29953795
29953796
29953798
29953799
29953800
29953801
29953802
29953804
29953805
29953806
29953807
29953810
29953811
29953813
29953834
29955922
29955930
29955931
29961847
29981569
29982541
29982544
29982555
29982559
29982560
29984992
29984998
29988001
29988756
29988784
29988790
29988791
29997689
29997690
29997691
29997692
30029472
30029473
30029474
30029475
30029984
30029985
30029986
30029987
30029988
30029989
30029990
30029991
30029992
30030125
30030126
30030127
30030128
30030129
30030130
30032924
30033683
30033704
30034295
30036395
30036399
30036409
3003739
3003741
30041210
30044615
30046788
30046789
30046790
30046791
30048110
30048156
30048157
30048158
30048159
30048160
30048161
30048162
30048163
30055321
30055322
30055323
30055324
30055325
30055326
30055327
30055328
30055329
30055330
30056963
30061858
30061859
30061860
30061861
30066936
30066943
30069677
30069679
30069680
30069681
30069683
30069684
30071830
30077644
30077648
30077649
30077651
30077652
30077653
30077654
30085430
30087597
30087598
30087599
30087600
30087601
30087602
30087603
30087604
30087605
30087606
30087607
30087608
30087609
30087610
30087611
30087612
30087613
30091379
30097751
30126280
30126281
30126282
30126283
30126284
30126285
30126286
30126289
30126291
30126292
30126294
30126298
30126299
30126304
30126310
30131330
30131332
30131335
30131355
30131392
30131394
30141246
30141266
30141275
30150318
30154510
30154511
30154514
30158247
3016185
30169608
30169609
30169610
30174944
30178234
30178238
30178242
30188621
30202658
30208119
30208689
30208706
302205
30227342
30227343
30248138
30254099
30257892
30262839
30264773
30264774
3027330
30315899
30316680
30363354
30364365
30434484
30442477
30450720
30462321
30462322
30462323
30462324
30476818
30491997
30491998
30495552
30495553
30495592
30499134
30500749
30504063
30504064
30504065
30504066
30504067
30504068
30504069
30504070
30504071
30504072
30504073
30504074
30539995
30548536
30548537
30548538
30548539
30549349
30550172
30558698
30563281
30590926
30603926
30643193
30643194
30643249
30654634
30654647
30660528
30660540
30660541
30673402
30673403
30673404
30673405
30673406
30673407
30673408
30678795
30689738
30689739
30689740
30689741
30689742
30689743
30689744
30689745
30689746
30689747
30689771
30689772
30689774
30689776
30711182
30715461
30716514
30716515
30716516
30725170
30731002
30731127
30755452
30755475
30755478
30761049
30761052
30778275
307929
30794024
307977
30802601
30802607
30809469
30812568
30834159
30834160
30834161
30834162
30834163
30834164
30834165
30834166
30845482
30861077
30874931
30874932
30882587
30882588
30882589
30882590
30882591
30882592
30882593
30882594
30882595
30900899
30905847
30905848
30905849
30905850
30905851
30905852
30905853
30905854
30927220
30927227
30927232
30927233
30927234
30956094
30956111
30976377
309788
30983212
30985101
30985103
30995306
30995307
30995308
30995309
30995310
30995321
30997692
30997693
30997694
30997695
30997696
30997697
30997698
30997699
30999546
30999557
30999558
31006911
31006912
31029771
31029772
31029773
31029774
31029775
31029776
31029777
31029778
31029779
31031721
31031722
31068089
31069460
31069462
31069465
31069469
31084725
31084745
31084746
31086483
31105639
31105640
31105642
31105643
31105954
31105955
31105977
31105979
31106006
31106008
31106010
31106011
31106012
31106013
31106014
31106015
31106016
31106543
31106611
31110656
31114417
31114418
31114419
31114420
31114421
311161
31139755
311445
311474
31171117
31171128
31200735
31203978
3120606
312134
31216405
3122405
31231228
31236043
31236044
31236045
31237262
31240658
31240659
31240660
31240661
31240662
31240663
31240669
31240671
31240695
31240696
31240697
31240723
3125307
31265225
31265226
31265227
31265234
31271642
31271681
31271682
3130146
31312403
31312496
31312497
31312498
31312499
31318272
31318275
31322981
31327504
31330996
31338066
31338070
31349900
31349901
31350069
31351891
31351892
31351893
31351894
31351895
31351896
31351897
31351898
31351899
31351900
31351901
31351902
31351903
31357333
31367467
31367468
31367469
31367472
31367477
31367478
31367488
31367489
31374339
31416473
31416476
31416477
31416480
31416482
31416484
31416486
31416488
31416501
31416503
31416505
31416507
31416508
31416510
31416511
31416513
31416514
31421893
31421894
31421895
31421896
31421897
31421898
31421899
31421900
31421901
31421902
31421903
31421904
31421905
31421906
31421907
31421908
31421909
31421910
31421911
31421912
31421913
31421914
31421915
31421916
31421917
31421918
31421919
31421920
31421921
31421922
31421923
31421924
31421925
31421981
31421982
31421983
31421984
31421985
31422040
31422041
31422042
31422043
31422044
31422045
31422046
31422047
31422048
31422049
31422050
31422051
31422052
31422053
31422054
31422055
31422056
31422057
31422058
31422059
31422060
31422061
31422062
31422063
31422064
31422065
31422066
31422067
31422068
31422069
31422070
31422071
31422072
31422073
31422074
31422075
31422076
31422077
31422078
31422079
31422080
31422081
31422082
31422083
31422084
31422085
31422086
31422087
31422088
31422089
31422090
31422091
31422092
31422093
31422094
31422095
31422096
31422097
31422098
31422121
31422122
31422123
31422124
31422125
31422126
31422127
31422128
31422129
31422130
31422131
31422132
31422133
31422134
31422135
31422136
31422137
31422138
31422139
31422140
31422141
31422142
31422143
31422144
31453016
31456911
31456936
31460211
31468956
31478777
31496180
31496271
31498936
31498990
31522064
31527854
31537382
31542561
31546545
31547110
31562462
31571847
31641957
31641958
31656534
31656535
31656553
31656554
31656555
31656557
31662989
31663051
31663052
31663053
31671212
31671214
31671233
31671245
31677505
31677506
31684121
31684132
31684133
31684149
31684150
31684151
31684152
31684153
31684157
31685067
31685068
31685069
31685070
31685071
31685072
31693766
31694543
31694544
31694545
31695167
31696267
31704450
31735292
31735324
31748388
31748389
31748399
31748400
31748420
31748421
31748422
31748435
31748436
31748452
31748453
31748454
31748459
31748460
31749667
31749671
31763395
31773703
31773709
31773720
31773975
31773987
31773993
31774007
31774056
31774057
31774058
31774059
31774060
31774061
31774062
31774063
31774073
31782813
31782814
31794014
31854229
31856945
31856949
31856950
31856966
31856988
31856989
31856997
31856998
31857012
31857287
31869396
31869397
31869401
31869405
31869406
31869407
31869408
31869409
31869410
31874690
31876966
31881272
31969215
31969216
31969217
31969218
31969219
31969220
31975038
31975039
31975040
31975041
31975042
31975043
31975049
320190
32024957
32025486
32025488
32025617
32025664
32025672
32039922
32039947
32039948
32046173
32048480
32048481
32050173
320606
32079503
32092876
32092877
32096139
32102600
32148703
32158529
32169078
321701
32181880
32181881
32182860
32194593
32199130
32241114
32241115
32241116
32241117
32241118
32241119
32241120
32241121
32241122
32252718
3227232
32278892
32278893
32278894
32285149
32286215
32301210
32301242
32317785
32317811
32329053
32346098
323949
32402571
32405149
32412805
32412806
32412807
324156
32421757
32429195
32429196
32429197
32429207
32429217
32430141
32435585
32469372
32469373
32477615
32477628
324780
32480021
32490334
32490338
32500370
32519459
32519460
32519464
32520692
32520717
32531547
32531552
32546545
32579287
32586618
32586619
32586624
32586625
32605166
32605167
32605168
326220
32628969
32629025
32629027
32629242
32629243
32629244
32629246
32640688
32655731
32661988
32674319
32674320
32674321
32674325
32674326
32674330
32674331
32707387
32727018
32727020
32727022
32727024
32727026
32727029
32727031
32727033
32727035
32727036
32727039
32727041
32727058
32727060
32758957
32758958
32759575
32759688
32759689
32759690
32759725
32759726
32759727
32759728
32760238
32760240
32760241
32775932
32775933
32779220
32779221
32794169
32794170
32794171
32794172
32794189
32794190
32813256
32829388
32846296
32847938
32847947
32863195
32866357
32866485
32867002
32867016
32874325
32874327
32880753
329076
32922342
32929976
32950377
32961857
32961879
32961880
32961918
32961919
32963200
32970220
32983558
32990183
32990184
32995356
32995357
33002728
33002729
33002730
33002732
33002844
33018499
33021086
33021087
33021088
33021090
33021167
33021171
33021172
33021173
33021174
33021175
33021176
33021177
33021178
33021179
33021180
33021181
33021182
33021183
33021184
33021185
33021186
33021187
33021188
33021189
33021190
33021191
33021192
33021193
33021198
33021208
33027043
33027048
33027219
33029934
33029959
33048918
33066451
33069125
33070590
33080702
33080703
33099034
33099781
33099782
33099783
33099784
33099790
33099800
33132426
33138491
33138493
33138504
33138506
33138508
33138513
33138514
33156255
3315728
3315759
3315771
3315823
3315947
33160285
3316418
3316419
3316432
3316433
3316434
3316443
3316488
3316501
3316562
3316770
33168714
33168860
3316945
33169862
3317077
3317123
3317134
3317190
3317247
3317447
33176063
33176064
33176065
33176066
33176067
3318411
3319419
3321011
3321087
3321403
3321467
33223594
33231425
33240282
33241095
33241113
33241116
33241127
33241128
33241134
33241135
33265337
33273280
33273281
33273282
33280362
33286273
33290961
33320268
33334670
33358480
33376134
33378511
33378514
33378516
33378517
33378518
33378520
33378521
33380835
33382808
33390633
33402526
33429215
33429216
33429217
33429218
33436317
33436395
33436446
33436451
33436463
33460700
33472291
33473568
33473999
33474000
33474001
33474013
33474014
33474015
33474016
33477377
33477384
33485491
3350240
3350327
3350334
33505669
33505670
33505671
33505672
33505673
33505674
33505675
33505676
33505677
33505678
33505679
33505680
33505681
33505682
33505683
33505684
33505685
33505686
33505687
33505688
33505689
33505690
3350997
3351506
33522740
33522742
33522744
33522745
33522762
33522776
33522777
33522843
33530638
33535702
33547032
33547306
33547307
33554402
33556157
33566867
33566880
33566888
33566894
33566895
33566896
33566897
33574582
3359002
3359117
33593912
33593913
33593914
33593915
3359700
3361434
3361977
33637822
33639244
33648660
33648673
33648677
33649675
336691
33670669
33670670
33670671
33670672
33670673
33677923
33677924
33677925
33677926
33677927
33677928
33677929
33677958
33677988
33683912
33683914
3371258
33716025
33722935
33722936
33722937
33722938
33722939
33722940
33722941
33722942
33722943
33722944
33722945
33722946
33722947
33722948
33724050
33727569
33764084
33770305
33770326
33770490
33770491
33770508
33770509
33773244
3377479
33777362
33777372
33777374
33777375
3377739
33777409
3377763
3377906
33812329
33846501
33854679
3388456
33894578
33895842
33895848
33895850
33895863
33901138
33903704
33912288
33918389
33961049
33961104
34020316
34020320
34020324
34032680
34032715
34037302
34037377
34042016
34042017
34042018
34042019
34042020
34042021
34042028
34042544
34064078
34064090
34066524
34066525
34066526
34066527
34066528
34066529
34066530
34066531
34066532
34066533
34066534
34066535
34066536
34066537
34095108
34095121
34095124
34105487
34105488
34123911
34123913
34123915
34123952
34123960
34164416
34197916
3421486
34215626
34222086
34222088
34222091
34222093
34222095
34222097
34222099
3423182
34257516
34257517
34263373
34263374
34283934
34283936
34302693
34303359
34303360
34303361
34303362
34303363
34303447
34303448
34303453
34303474
34303475
34303476
34303477
34317377
34317378
34317380
34317387
34317388
34367081
34377898
34377899
34377956
34377984
34381710
34400013
34400014
34400040
34403062
34403063
34403064
34403065
34403066
34403067
34403068
34403069
34403087
34403100
34403101
34403102
34403103
34403104
34403105
34427216
34427236
34427237
34427250
34438556
34438557
34438561
34438562
34438563
34438564
34438565
34438566
34438567
34442060
34442068
34442069
34446780
34476111
34476112
34476113
34476114
34476115
34476116
34476117
34476118
34476119
34476120
34476121
34491526
34494801
34497350
34519178
34522892
34527294
34527295
34527296
34527399
34527400
34527401
34527403
34527405
34529856
34542207
34542210
34542211
34542214
34542216
34542217
34542218
34542219
34542220
34542221
34542222
34542223
34542224
34542225
34542226
34542227
34542228
34542229
34542230
34542231
34542232
34542233
34542234
34542235
34542236
34542237
34542238
34542239
34557431
34557803
34564014
34568818
34568820
34568821
34568823
34568825
34568826
34569606
34582008
34582009
34593050
34594271
34598204
34598357
34598894
34598899
34599019
34599020
34610850
34612426
34612427
34612428
34612429
34612430
34612431
34612432
34612433
34612436
34612445
34612448
34612451
34612454
34612455
34612470
34612471
34614843
34627944
34627945
34627946
34627947
34627948
34627949
34627950
34627951
34627952
34627953
34629856
34629864
34629867
34629870
34629873
34630206
34630207
34630208
34630209
34630210
34630211
34630212
34635520
34635525
34635530
34635535
34635540
34635545
34635550
34635555
34635560
34638913
34638918
34641290
34644187
34668449
34669333
34675555
34704769
34704776
34704782
34704785
34716639
34716641
34716642
34716643
34716644
34716645
34716646
34716647
34716648
34716649
34716650
34716651
34716652
34716653
34716654
34716656
34716657
34716658
34716659
34716881
34751134
3475729
34762
34766956
34766957
34770556
34770558
34770560
34772937
34773
34784659
34785649
34786241
34796460
34796560
34801243
34801244
34801245
34801246
34801247
34801248
34801249
34801250
34801251
34801253
34801254
34826586
34826587
34826596
34826597
34826600
34826603
34831133
34834816
349385
34953589
34953590
34953591
34953592
34953593
34953594
34953595
34953596
34953597
34953598
34953599
34953600
34955665
34958562
34962782
34962783
35029332
35039172
35049969
35049970
35068786
35071428
35071429
35088231
35088232
35092739
35102469
35104836
35104837
35104838
35104839
35104840
35104841
35104842
35105112
35105115
35105116
35105117
35105120
35105122
35105126
35105127
35105128
35110288
35113344
35121108
35121109
35121120
35121121
35121122
35132770
35132771
35132772
35132773
35132774
35132775
35132776
35132777
35133798
35138031
35138034
35138035
35138037
35157449
35160747
35162297
35168557
35168574
35168581
35168586
35168599
35210265
35211275
35211280
35211285
35211290
35211294
35211299
35223979
35225559
35236264
35241272
35241273
35241290
35241309
35241329
35241330
35245052
35245062
35245071
35246769
35247359
35247370
35247387
35282295
35282297
35282298
35307731
35307847
35315304
35315312
35315323
35321348
35321355
35324110
35328246
35340149
35349041
35366467
35366610
3537024
3537465
3537493
3537494
35380062
35380063
35380064
35380065
35380066
35380067
35380068
35380069
35380070
35380071
35380072
35380073
35380074
35380075
35380076
35380077
35380078
35380079
3539696
3539710
3539711
3539714
3542167
35422299
35439567
35443178
35447779
35447780
35447781
35447782
35447783
35447784
35447785
35447786
35448171
35448172
35448173
35448174
35448175
35448176
35448178
35448179
35473109
35486642
3551465
3551494
3551607
35516106
35516174
3551618
3551628
35518831
3554030
35540830
35540831
35540832
35540833
35540834
35540835
35540836
35540837
35540838
35540839
35540840
35541
35541120
35541121
35542
35544
35560747
35560748
35560749
35560750
35560751
35560752
35560753
35560754
35560755
35560756
35560757
35560758
35560769
35560773
35560777
35562260
35562266
35562287
35562293
35562299
35562305
35562311
35562317
35562323
35562329
35562335
35562341
35562352
35562358
35562364
35562370
35562376
35562382
35562388
35562394
35562400
3558422
35587
35598
3560164
35602851
35602854
35602855
35602857
35618338
35618339
35618340
35618341
35618342
35618353
35618354
35618355
35618356
35618357
35618358
35618359
35618360
35618361
3562167
35632304
35640198
35642
35646341
35646342
35646343
35646344
35646345
3565019
356524
35661445
35661478
35661479
35661480
35661481
35661482
35661483
35661484
35661485
35661486
35661487
35661488
35661489
35663700
35663707
3567015
35672660
35734816
35734818
35734819
35734820
35735951
35747139
35814542
35814543
35830986
35843926
35856174
35871421
35871422
35871423
35871424
35884
35915
35918
35929
35930
35935239
35935240
35935241
35935242
35935243
35935244
35936170
35936906
35936907
35955920
35955921
35955922
35961981
35964970
35966
35976841
36012963
360214
36026551
36026553
36045324
36061246
36063
36074357
36074358
36074359
36074360
36074361
36074362
36074363
36074364
36074365
36074366
36074367
36078848
36078849
36078862
36078863
36080118
36080119
36080122
36081458
36081459
36082530
36091522
36091523
36091524
36091525
36091597
36091604
36091605
36091606
36091610
36091611
36091612
36091616
36091617
36091621
36091622
36091623
36091624
36091650
36091651
36104599
36104603
36104604
36104605
36104608
36104611
36104613
36104614
36104616
36104620
36104622
36104625
36104626
36104628
36111236
36111237
36111241
36112385
36112387
36112389
36134442
36150875
36216663
36216664
36216665
36216666
36216669
36216671
36216672
36216673
36216674
36216675
36216677
36216683
36216684
36216686
36216687
36216690
36216692
36216695
36236127
36241993
36278508
36278531
36278538
36283237
36330179
36339731
36343565
36347739
36347740
36347741
36347742
36347743
36376408
36406893
36414851
36414852
36414853
36414854
36414855
36414876
36414877
36414927
36414928
36414929
36414930
36414931
36414932
36414933
36414939
36414942
36414946
36414949
36414950
36414953
36414954
36414955
36414956
36414957
36424581
36434706
36439983
36474004
36474018
36474019
36474020
36474021
36474026
36474031
36474033
36474036
36474037
36474039
36474045
36474046
36474047
36474050
36474051
36484314
36484316
36484331
36484335
36484339
36484345
36484349
36494916
36494917
36507292
36507293
36507294
36507295
36507296
36507297
36507298
36507299
36507300
36507301
36507302
36507303
36507304
36507305
36513328
36513432
36513492
36513493
36513494
36513495
36513496
36513649
36514187
36514188
36514189
36514190
36514191
36514192
36514193
36514194
36514195
36514196
36514197
36514198
36514199
36514200
36532725
36532726
36542895
365465
36552451
36552452
36552453
36552454
36555327
36557218
36557225
36557228
36573601
36581698
36587875
36587876
36587878
36590429
36592
36593121
36629400
36629401
36629402
36637
36639440
36639723
36641572
36641573
36644
36652
36668137
36669040
36669041
36669042
36671392
36671393
36671394
36671395
36671396
36671397
36690
36691
36698636
36702432
36702433
36702434
36715267
36715270
36727773
36734548
36734550
36734552
36750677
36752167
36752168
36752169
36752170
36752171
36752173
36752174
36752175
36752226
36752240
36754083
36754099
36758514
36758515
36758517
36758518
36758519
36758520
36758522
36758524
36758525
36758527
36758528
36758529
36758530
36758531
36758532
36758533
36758534
36758535
36758536
36758537
36758540
36758545
36758547
36758549
36758551
36758553
36758556
36758559
36758561
36758563
36758568
36758571
36771905
36771907
36771910
36771912
36771915
36771917
36771919
36771932
36771933
36771935
36771937
36771939
36771941
36771944
36790144
36790146
36813788
36813812
36813814
36813817
36813820
36813822
36813824
36820986
36843
36844
36850933
36850961
36850962
36851269
36865032
368686
36873847
36875772
36875773
36875790
36875791
368850
36899409
36927967
36959111
36973074
36973092
36973112
36973124
36973133
37036164
37057393
37057394
37057395
37057396
37057397
37058040
37061148
37061164
37092920
37092921
37092922
37092923
37092927
37092928
37095999
37096009
37137210
37137211
37137212
37137213
37137220
37137231
3713963
37145287
37145347
37146072
37187666
37187667
37187668
37187669
37200416
37205410
37213065
37225316
37237446
37237447
37237448
37237469
37237503
37237506
37237507
37237508
37237509
37237510
37241544
37241556
37241563
37244940
37262020
37264466
37265293
37265294
37265298
37265301
37286025
37286026
37286028
37286030
37286034
37286035
37286037
37286039
37286043
37286045
37286047
37286051
37286052
37286054
37286056
37286060
37286061
37286063
37286065
37286069
37286070
37286072
37286074
37286078
37286079
37286081
37286083
37286086
37286087
37286089
37286091
37286096
37286097
37286099
37286101
37286102
37286106
37286107
37286109
37286111
37286112
37286113
37286114
37286115
37286116
37286117
37286118
37286119
37286120
37286121
37286122
37286123
37286124
37286125
37286126
37286127
37286128
37286129
37286130
37286131
37286132
37286133
37286134
37286135
37286136
37286138
37286140
37286141
37286142
37286147
37286149
37286151
37286152
37286156
37286158
37286160
37286174
37286176
37286190
37286192
37286194
37286208
37286210
37286212
37286227
37286229
37286231
37286232
37286246
37286248
37286250
37286264
37286266
37286268
37286282
37286284
37286286
37286287
37286301
37286303
37286305
37286306
37286307
37286308
37286309
37286310
37286311
37286312
37286313
37286314
37286315
37286316
37286317
37286318
37286319
37286320
37286322
37286323
37286324
37286325
37286340
37286342
37286343
37286358
37286360
37286361
37286377
37286379
37286380
37286395
37286397
37286398
37286554
37286555
37286586
37286587
37286588
37286589
37286590
37286591
37286592
37286697
37286699
37286701
37286809
37286811
37286858
37305817
37305818
37311366
37322429
37322433
37322437
37322441
37322444
37322449
37343022
37343023
37343024
37343025
37343026
37343027
37343028
37343029
37343030
37343031
37343032
37343033
37343204
37343205
37343206
37349519
37349521
37349522
37349523
37349524
37349526
37349528
37349529
37349530
37349531
37349532
37349534
37349535
37349536
37349537
37349538
37349540
37349541
37349542
37374430
37374431
37374432
3742202
37427530
37440676
37440677
37440678
37440679
37440680
37504699
37508791
37512377
37520695
37520700
37527408
37527409
37527410
37527411
37527413
37527414
37527415
37527416
37527418
37527419
37527420
37527421
37527422
37527423
37527424
37527425
37527431
37531896
37531897
37531898
37531899
37531900
37531901
37531911
37531921
37535087
37551675
37566526
37566539
37566540
37566541
37566542
37581740
37581741
37581742
37581762
37581766
37581770
37581774
3758671
3758713
37587478
3758748
37596225
37596226
37596227
37596228
37596229
37596230
37596231
37597343
37597616
3761826
37627559
37627560
37627561
37640685
37640744
37666623
37677219
37685959
37687721
37687722
37687723
37687748
37687754
37687755
37687756
37687757
37687789
37687792
37690853
37690854
37701647
37701648
37701649
37701650
37701653
37749622
37752717
37774896
37774897
37803041
37803043
37803054
37821207
37821492
37822245
37829019
37835187
37835188
37838581
37844955
37848602
37848622
37848623
37848813
37848814
37848815
37848816
37848817
37848818
37848819
37848820
37848821
37848822
37848823
37848824
37848825
37848826
37848827
37848828
37848829
37848830
37848831
37848832
37848833
37854407
37855633
37855634
378634
37870597
37886592
3790026
3790065
379023
3790300
3790304
3790327
37913680
37913681
37913682
37913683
37914822
37914844
37914920
37914973
37915011
37915026
37920343
37920792
37920807
37921079
37921120
37923182
37936020
379451
379452
37954588
37954621
379628
379854
38020460
380306
38043383
38043386
38044503
38046780
38046781
38046782
38046783
38058832
38058833
38058848
38058849
38058850
38058851
38058852
3806437
3806807
38082229
38082230
38082232
38082233
38082236
3808238
38086635
38096995
38117660
38117661
38123413
38145388
38176139
38199757
38199758
38199759
3820082
38201934
3825778
3825795
38262683
38282140
38282367
38311143
38311144
38311145
38311146
38311147
38311148
38311149
38374267
3840731
38411503
38414095
38414247
38414273
38414291
38414301
38414310
38414327
38414339
38414340
38414341
38414342
3842742
38430505
38430507
38430508
38430513
38430514
38430515
38430522
38430523
38430524
384628
38481070
38516718
38516719
38516720
38520530
38527634
38533502
38533510
38533521
38533522
38540992
38540995
38541003
38553036
38566115
38594292
38594293
38594294
38594295
38594323
3859943
38602896
38602897
3860948
38609837
38609901
38609902
38609934
38609975
3861122
3861693
3862032
38621472
3862165
38623348
38623391
38623488
3863786
3863790
38646972
3865491
38681461
38681462
38688173
38688189
38688194
38694913
38700518
38700519
38700520
38701326
38701327
38701328
38701329
38705487
38779555
38845943
38857479
38863239
38867120
38867449
38881208
38881209
38881210
38881211
38881212
38881213
38881214
38881215
38881216
38881217
38881218
38881219
38881220
38881221
38881222
38903236
38905950
38905951
38905952
38905953
38906300
38906301
38906302
38906303
38906304
38907144
389147
38934878
38954561
38966981
38966984
389747
39010237
39010242
39010247
39010252
39010257
39010262
39010266
39010271
39010394
39010395
39010404
39010405
39010411
39010412
39010417
39010520
39010521
39010522
39010523
39010524
39010634
39010654
39011321
39011324
39044428
39044429
39044430
39044431
39044432
39044433
39044434
39044435
39044436
39044437
39044438
39044439
39044440
39044441
390637
39102803
39106895
39112297
39113367
39113369
39113371
39113373
39113375
39113376
39113378
39113379
39113380
39113382
39152571
39152572
3916859
3916899
39170643
39170667
3917256
3917347
3917388
3917651
39178843
39188976
39189007
39190525
39190526
39190533
39190534
39190535
39211503
3923490
3924507
3924714
39247610
3924776
39250599
39250603
39250608
39250613
39250618
39250829
39266267
39266270
39266272
39266273
39266276
39266277
39266279
39266281
39266285
39266287
39266290
39266291
39266293
39266297
39266298
39266300
39266302
39266303
39266304
39266306
39266307
39266308
39266309
39266310
39266311
39266312
39266313
39266314
39275825
39276317
39276390
3928786
39290016
39306192
39314523
39316813
3932364
39352019
39370892
39371429
39388628
39388645
39389034
39389100
39389186
39389187
39389188
39389189
39389190
39391109
39391111
39416603
39416650
39416678
39417760
39417761
39433854
39445326
39446519
39453020
39453021
39453022
39453023
39453024
39453025
39453026
39453056
39453057
39453058
39460127
394741
39479837
39479840
39479843
39479844
39574310
39576187
39587375
39587428
39587437
39587441
39589081
39598983
39610177
39610183
39610192
39610193
39610194
39617397
396189
39628266
3965785
3965788
39685115
39689237
39704075
39706291
39706387
39709001
39709011
39709012
39709013
3973126
3973128
39738442
39738443
39738444
39738445
39751419
39751420
39751421
39751423
39751424
39751425
39751427
39751429
39751430
39751433
39762854
39762949
39777457
3978050
3978325
3979643
39800264
39800265
39800268
39800324
39800327
39800329
39808252
39819744
39822803
39822835
39822838
39849413
39885888
3989546
3990695
3990696
39938702
39940248
3994832
39957542
39981090
39981091
399960
39997704
40004990
4000656
40017824
40017841
40095284
40095287
40095288
40105382
40105408
401069
40113893
40121133
40134570
40143266
40143267
40145049
40145050
40145051
40145052
40145053
40145054
40145055
40145056
40145057
40145058
40145060
40145061
40145062
40183509
40183530
40219272
40308648
40308649
40308887
40308888
40309055
40309056
40315848
40315849
40315850
40315851
40315852
40315860
40315861
40315865
40322744
4032784
40348124
40348125
40371119
40371122
40371123
40371124
40371125
40371126
40372335
40372336
40372337
40372338
40372339
40372340
40372341
40372342
40372343
40372344
4037541
40411724
40411725
40411726
40417998
40418003
40442894
40456777
40456782
40464737
40470827
40470828
404797
40487891
40490651
40490654
40490656
40490692
40490693
40490694
40490695
40490696
40490697
40490699
40490701
40490704
40504889
40504890
40506126
40511921
4051644
4051822
40521366
40521367
4052688
40531672
4054013
40549746
40549748
40549751
40549753
40549755
40549758
40549761
40549763
40549766
40549769
40549772
40549774
40549776
40549778
40549781
40549783
40549785
4055208
40558930
40558931
40558933
40558934
40558936
40558937
40558938
4056804
40570118
40594069
40594075
40594090
40594091
40594127
40594148
4061696
4061697
40634420
40634421
40634422
40634447
40634450
40634454
40634484
40634486
40634493
40634494
40657852
40658390
40658391
40685088
40686993
40702490
40702491
40711629
40754631
4076745
4077521
40779257
40779258
40781352
40781353
40781354
40781355
40781356
40781357
40781358
40781359
40781360
40781361
40781362
40781363
40781364
40781365
40781366
40781367
40781368
40781369
40781370
40781371
40781372
40781373
40781374
40781375
40781376
40781377
40803498
40803499
40803500
40803501
40803502
40803503
40803504
40803505
40803506
40803507
40803508
4081007
4081173
40835813
40838505
40840998
4084806
40859690
4088424
4088431
40888147
4090064
4090120
40921135
40932544
40945089
40946259
40946260
40954019
40954020
40954021
40954022
40954023
40954024
40954025
40954026
40954027
40954028
40954029
40954030
40954031
40954032
40954033
40954034
40954035
40954036
40954037
40954038
40954039
40954040
40954041
40954042
40954120
40954121
40954128
40954129
40954130
40954131
40954132
40954133
40954134
40970820
40983388
40995910
40995911
40995912
40995913
40995914
40995915
40995916
40995917
40995918
40995919
40995920
40995921
40995922
40995923
40995924
40995925
40995926
40995927
40995928
40995929
40995930
40995931
40995932
40995933
40995934
40995935
41006119
41028561
41028562
41029366
41049980
41059354
41091291
41104810
41104811
41104812
41104813
41104814
41104815
41104816
41104817
41104818
41104819
41104820
41104821
41104822
41104823
41105402
41108123
41109620
41131006
4117258
4117964
41183571
41184936
41184940
4119583
41202915
41202920
41202927
41202931
41205079
41208132
41208134
41208782
41208826
41208827
41208828
41246031
41250033
41250690
41250854
41250858
41250862
41250866
41250869
41252842
41252843
41252844
41252845
41252846
41252847
41254400
41266960
41302115
41303207
41303208
41303209
41329973
41330114
4137487
4137489
4137494
4137511
4137534
4137920
4137922
41380741
41380742
41380743
41380744
41380745
41380746
41380747
41380748
41380751
41380752
41380753
41380754
41380755
41380756
41380757
41380758
41380759
41380760
41380761
41380762
41380763
41380764
41380765
41380766
41380767
41380768
41380769
41380770
41380771
41380772
41380773
41380841
41381591
41381720
41381733
41381826
4138670
41394149
41395275
41395278
41395282
41395283
41395295
41395296
41395297
41395298
41395299
41395300
41397882
41397883
41397884
41397885
41397886
41397887
41397888
41397889
41397890
41397891
41397892
41397893
41397894
41397895
41397896
41397897
41397898
41397899
41397900
41397901
41397902
41397903
41397904
41397905
41397906
41397907
41397908
41397909
41397910
41397911
41397912
41412779
41416776
41416777
41416781
41427220
41434820
41434821
41434822
41434823
41436754
41436755
41441557
41448845
41484138
41484492
41484518
41491125
41500570
41501432
41521793
41521807
41521819
41521890
41536113
41536115
41536117
41536119
41536121
41536253
41536254
41536255
41536256
41536257
41536258
41536259
41536260
41536261
41573824
41573825
41573826
41582243
41584092
41591383
41599413
41599416
41599420
41599421
41599423
41599425
41599427
41599428
41599429
41599433
41599434
41599442
41599443
41624209
41624210
41624211
41624212
41624213
41624214
41624215
41624216
41639746
41643244
41667298
41667299
41691688
41720088
41721304
41725596
41725613
41827786
41827787
41827829
4183242
41847090
41847091
41847092
41847093
41847094
41847095
41847136
41866005
41873033
41881864
41889521
41891546
41891586
41923037
41923039
41923041
41923042
41923043
41923045
41923046
41923047
41923049
41923051
41923053
41923054
41923055
41923058
41923081
41927124
41958920
41958921
41977081
41977084
41977085
41980524
41981080
41981085
41981090
41981095
41981098
41981101
41981107
41981128
41983698
41983699
41995067
41995068
41995069
41995070
41995071
42012121
42027826
42028249
42028250
42028251
42028252
42028253
42028254
42028255
42028256
42028257
42028258
42030883
42080115
42124160
42124161
42124162
42124163
42136588
42163262
42178532
4218014
42183028
42197374
42250068
42250073
4225642
42264222
42264223
42264224
42264225
42264226
42264227
42264228
42264229
42264230
42264231
42264232
42264233
42264234
42264235
42264236
42264237
42264238
42264239
42271570
42271641
42271642
42271643
42271644
42272769
42276948
42276971
4230114
42305820
42305821
42305822
42305823
42305824
42305825
42305826
42305827
42305828
42305829
42314049
42314053
42314054
42346446
42346450
42356881
42356950
42390826
4239388
42414159
42423991
42423992
42423993
42423994
42423995
42423996
42423997
42424004
42424005
42424006
42424007
42424008
42424009
42424010
42424011
42424012
42424014
42424015
42424016
42452804
42452806
42452808
42452830
42504183
42504184
42504185
42504186
42504187
42504188
42504189
42504190
42504191
42504192
42504193
42504194
42504195
42504196
42504197
42504198
42504199
42504200
42504201
42504202
42504203
42504204
42504205
42504206
42504207
42504208
42504209
42504210
42504211
42543425
42548265
4256030
42562280
42562281
42562282
42562283
42562284
42562285
42562286
42562287
42562288
42562289
42562290
42562291
42562292
42562293
42562294
42562295
42562296
42562298
42562299
42562300
42562301
42562302
42562303
42562304
42562305
42562306
42562307
42562308
42562309
42562310
42562311
42562312
42562313
42562314
42562315
42562316
42562317
42562318
42562319
42562320
42562321
42562322
42562323
42562324
42562325
42562326
42574740
4258665
42587670
42637072
42656870
42656951
42665660
42681005
4268459
42732151
42732152
42732153
42732196
42732197
42732198
42732199
42732200
42732201
42739407
4276650
42779432
42779439
42780717
42780718
42780719
42780720
42780721
42780723
42780724
42780725
42780726
42780727
42780728
42780729
42780730
42780731
42780732
42780733
42780734
42780735
42780736
42780737
42780738
42780739
42780740
42780741
42799675
42799676
42799677
42799678
42799679
42799680
42799688
42799689
42799697
42799698
42799699
42799700
42799701
42799702
42803743
42819569
42820351
42820478
42880877
42886839
42886840
42923879
42931567
42934677
42934678
42934679
42934680
42934681
42934682
42934683
42934684
42934685
42934686
42934687
42934688
42934689
42934690
42934691
42934692
42934693
42934705
42934706
42972070
4298414
42986313
42986665
43063950
43064097
43069372
43107140
43112117
4312846
4315910
4318491
43192365
4319984
4321165
4321175
4321205
4321226
43213222
43215597
43215598
43215599
43215600
43215601
43215602
4321710
43223668
43240490
43242664
43242670
43242675
43242690
43242732
4333286
4334484
4336426
43377178
4337890
43400645
43421382
43421398
43421433
43422654
43451752
4345902
43460716
4346120
4346902
4346919
43498427
43498711
43499648
43499649
43499650
43499651
43501813
43523086
43523192
43523369
43523370
43523992
43523993
43523994
43523995
43524007
43524027
43526421
43526445
43526473
43530005
43530006
43530007
43530008
43530009
43530010
43530011
43532385
43545073
43551966
43551967
43551968
43551969
43551970
43551971
43551972
43551973
43551974
43551975
4355427
4356018
43608042
43634852
43634856
43634860
43634864
43634869
43634876
43634880
43634885
43634889
43634890
43634894
43634898
43634902
43634906
43634910
43639
43640
43640168
43644428
43652522
43668751
43668778
43668779
43676615
43676616
43676617
43676618
43684298
43684300
43697567
43711874
43711876
43711908
43711910
43711925
43711926
43711927
43711928
43711929
43711931
43750523
43755076
43762541
43763104
43763105
43763106
43766719
43772171
43777716
43778957
43797072
43799066
43801476
43804011
4380503
43818973
43837144
43837145
43837146
43837147
43837148
43837149
43837150
43837151
4383835
43844030
43844045
4384715
43859900
43863034
43863042
43863437
43875457
43875459
43875467
43875468
43875469
43875471
4388055
43881570
43886252
43886974
43886975
43886976
43886977
43919696
43923255
4393451
4397758
43984749
4399104
4400296
4400817
4401382
4401658
4402062
44020982
4402542
44025900
44032255
4403299
4403639
4403687
44046110
44046111
44046120
44046121
44046124
44046143
44046148
44046152
44046165
44046166
4405281
4405334
4405342
4405346
4405352
4405380
4405381
4405384
4405389
44068749
44068750
44090270
44095145
4411861
4412186
4413092
4416124
44164373
44164405
44164430
44164462
44171821
44173206
44173207
44173208
44173209
44173236
44173237
44173238
44173239
44173240
44173241
44173242
44173243
44173244
44173273
44173304
44173307
44173310
44173313
44187091
44213593
44214416
44214417
44227
44235216
44235293
44235294
44235316
44262626
44278621
44290119
44290125
44290150
44293548
44318953
44318954
44320194
44320195
44320212
44320213
44320610
44320611
44320612
44320614
44320615
4436191
4436819
4436966
44369670
44393393
44393394
44393395
44393398
44430325
44440449
44440452
44448937
44462407
44464654
44464655
44464656
44464657
44464658
44464660
44464662
44464663
44464664
44464665
44464666
44464667
44464668
44464669
44464706
44466
44474837
44478480
44478816
44478867
44478876
44478879
44478882
44478894
44478897
44478900
44502922
44502924
44502934
44502935
44502936
44506140
44509659
44509660
44509661
44509662
44509663
44509664
44509673
44509674
44509675
44509676
44509677
44509678
44509679
44509680
44509716
44525717
44525804
44531486
44538596
44548478
44566537
44598973
44612835
44612836
44621341
44626007
44626116
44628364
44628368
44628369
44628370
44628371
44628372
44628374
44628375
44628376
44628377
44628378
44628379
44628380
44628381
44628382
44628383
44629195
44629196
44629197
44629198
44645844
44645864
44645902
44645906
44645908
44645914
44654255
44703085
4470588
44724070
44730858
44730859
44730860
44730861
44730862
44730863
44744471
44744475
4474898
4474902
44768224
44813111
44826020
44826628
44826890
44826891
44826892
44826893
44826894
44826895
44826896
44826897
44826898
44826899
44826900
44826901
44826902
44826903
44826904
44826905
44826906
44826907
44826908
44826909
44826934
44826935
44826936
44826937
44827082
44827083
44827087
44827088
44827135
44827136
44827137
44827138
44842616
44842619
44842621
44842623
44842625
44842627
44842628
4485263
4485347
44863582
44863585
44880855
44924256
44924257
44924258
44955874
44994768
44994770
44994772
44994774
44994777
45002602
45002604
45002605
45002606
45002611
45002621
45002624
45002625
45023266
45023290
45023292
45023294
45023295
45023303
45023305
45023306
45023307
45023313
45023322
45023326
45023328
45023329
45023330
45023331
45023332
45023333
45023334
45023335
45023336
45023337
45023338
45023340
45023341
45023352
45023367
45023443
45023550
45029166
45034665
45061135
45063304
45063305
45063306
45063307
45086436
45088279
45126368
45126370
45148771
45159766
45178637
45178642
45178705
45193242
45193243
45198135
45204297
45204356
45204375
45235288
45241361
45249015
45249017
45249756
45249758
45251264
45268267
45268269
45279705
45320247
45328087
4533114
4533115
45372218
45372228
45387922
45387929
45387932
45387936
45387985
45388002
45410851
45411003
45411005
45411007
45411009
45411010
45430350
45430377
45466416
45466417
45522844
45522845
45524573
45524574
45524575
45524576
45524577
45524578
45524579
45524580
45524581
45524582
45524583
45524584
45524585
45524586
45524587
45524588
45524589
45524590
45524591
45524592
45524593
45524594
45524595
45524596
45524597
45524598
45524599
45524600
45526124
45531089
45552737
45552780
45552781
45552782
45552783
45552784
45552785
45552786
45552787
45552788
45552789
45572699
45572700
45572708
45572716
45572717
45572718
45572723
45572724
45572725
45572726
45572727
45572764
45614145
45629581
45631415
4566280
4566808
456733
45690372
45690373
45690374
45690411
45697424
4571566
4575353
4575363
4576469
4576476
4576778
4577042
457976
45806117
45806120
45806145
45806146
45846439
45899733
45947402
45960172
45973869
46005379
46006540
46006541
46006542
46026405
46026407
46026409
46026412
46034634
46034635
46034636
46034637
46034638
46034639
46034640
46034641
46034642
46034643
46034644
46034645
46034646
46034647
46034648
46034649
46034650
46034651
46034652
46034653
46034654
46034655
46034656
46034657
46034658
46034659
46034660
46034661
46034662
46034663
46034664
46034665
46034666
46034667
46035183
46035184
46035185
46035186
46035187
4605733
4605747
46082112
46084409
460865
46087699
46087700
46087701
46087702
46087703
46087704
46087705
46087706
46087707
46087708
46087709
46087710
46087711
46087712
461047
46130035
46130036
46130038
46132620
46152873
46163101
46189200
46190520
46200428
46200429
46200430
46200431
46200432
46200433
46236879
46265744
4628047
46283555
46283572
46283587
46283588
46283589
4629112
4629113
4629124
46294166
46294168
46299861
46302097
46302098
46302099
46302100
46312992
463166
46322053
46322054
46322055
46322056
46322057
46322058
46322059
46322060
46322061
46322062
46322615
46335182
46338835
46338836
46338838
46338840
46338842
46338844
46338846
46338847
46338849
46352948
46360907
46368110
46369199
46371254
46445578
46485490
46492081
46492107
46502384
46502385
46502386
46502387
46502388
46502389
46502390
46502391
46502392
46502393
46502394
46502395
46502396
46502397
46502398
46502399
46502400
46502401
46502402
46502403
46526174
46526176
46547353
46547354
46547355
46547356
46547357
46547358
46547359
46547360
46547361
46547369
46547372
46547373
46547374
46547375
46547376
46547377
46547378
46547379
46547380
46547381
46585188
465854
46588666
46593
46601173
4660250
46607861
46607864
46613
46614
46615976
46629
46630
4664171
4664172
4664173
46645309
46645310
46645311
46645312
46645313
46645314
46645315
46645316
4665176
4665183
46655
46655373
46656028
46658
46664
46665
46666
4666740
4666742
4666859
4667041
46673
46688
4669232
4669917
46700592
46700594
46700595
46700605
46700628
46700629
46700630
46715036
46720845
46722352
46731
46742
46745
46752
46765
46766
46770027
46773
46781
46786
46786564
46793192
46797677
4680092
4680095
4680100
4680145
46826520
46836921
46836922
4684393
4686758
46867864
4688774
4689653
4689654
4689662
4689668
4689669
4689670
4689674
46901736
46901744
46905676
46921761
46924254
46953293
46954419
46968150
46968166
46968167
46968168
46968219
46977520
46977521
46977522
46977523
46977524
47004661
47004662
47060085
47060307
47060310
47065443
47065444
47065445
47065446
47065447
47065448
47065449
47065450
47065451
4708168
47094661
47099371
47099372
47102106
47102109
47102110
47102111
47102112
47102113
47102114
47125791
47126200
47175721
47175784
47175922
47183868
47183874
47183880
4718654
4718769
4720533
47211523
47211524
47211525
47211526
47211527
47211528
47211529
47211530
47211531
47224291
47241462
47241463
47243043
47260441
47260442
47260443
47260444
47260445
47260446
47260447
47260448
47260449
47260450
47260451
47260452
47260453
47260454
47260455
47260456
47260457
47260458
47260459
47260460
47264875
4726830
47276346
47283
47288379
473167
47326
47331
4733465
47336864
47347226
47347227
47347228
47351
47355420
47355422
47371
47372520
47382
47387587
47391321
47391324
47391327
47391335
47391338
47391341
47391344
47391375
47396256
47396257
47396259
47396260
47399784
47424
47425763
47429827
47429891
47434652
47436
47437
4743972
47443908
47457436
47459514
47466
47475
47480241
47482747
47482750
47497269
47507342
47510825
47510826
47510839
47531045
47531048
47531049
47552064
47552065
47552066
47554514
47581666
47602172
47608379
47608381
47608385
47644734
47644736
47644738
47644740
47661250
47661251
47728147
47728148
47728149
47728150
47728151
47737029
47745957
477481
47792350
47797269
47822246
47822253
47838272
47838298
4784130
47868321
47874717
47874718
47874719
47874720
47902401
47902402
47902404
47908497
47916338
47916342
47986021
47986046
47986112
48073169
48073170
48073171
48073172
48073173
48073176
48073177
48082152
48089804
48089805
48089806
48118666
4812678
48130249
48133019
48134219
48156802
481728
4817799
48178230
48178231
48178233
48178235
48178236
48178239
48178241
48178243
48178244
48178247
48178249
48178251
48178253
48178255
48178257
48178259
48178261
48178263
48178265
48178267
48178269
48178270
48178272
48178274
48178275
48178279
48178281
4817838
4818198
48232781
48246501
48249405
48249406
4828274
4828483
48291627
48291629
48291631
48291632
48291634
48291636
48291638
48314866
48330704
48338438
48344815
48347862
48347863
48347929
48347930
48347933
48354010
48358145
48358160
48377844
48378635
48378675
48378858
48378879
48384291
48394372
48394457
48433802
48439651
484449
48450003
48481432
48481497
48485477
48485481
48485484
48485486
48486892
48486894
48501360
48501361
48504087
48570106
4857217
48589424
4860311
4860314
4860317
4860318
48618907
48628171
48672689
48672692
48672814
48672817
48672820
48672823
48672829
48672831
48672834
4868003
48694737
48694738
48694739
48707167
48716996
48717017
48717020
48717045
48727279
48727743
48727746
48727748
48727755
48727762
48727774
48727782
48727791
48727793
48727804
48727809
48727816
48727825
48727828
48727830
48739481
48753982
48753983
4877730
4878095
48782144
48782732
48782741
48782771
48782780
48782789
48782798
48782812
48782824
48787844
48787863
48787866
48793415
48793416
48793417
48793418
48793419
48793469
48793495
48793499
48793503
48793505
48793523
48793550
48794554
48802696
48802698
48802715
48802747
48802749
48802911
48802913
48802950
4880612
4881900
48819816
4882244
4882336
4882507
48826726
48826727
48838183
48849899
48849904
48849905
48849920
48856964
48857293
48858345
4886282
4887910
4887914
489055
48905633
48905840
48905841
48911583
48931653
48956109
48956110
48956111
48956112
48956113
48956114
48956140
48956142
48956143
48956149
48956152
48956154
48956157
48956158
48956161
48956163
48956165
48956166
48956169
48956171
48956172
48956174
48956176
48956177
48956178
48956179
48956182
48956183
48956185
48956186
48956188
48956190
48956192
48956194
48956195
48956197
48956199
48956200
48956202
48956205
48956207
48956208
48956210
48956211
48956213
48956215
48957014
48957015
48957016
48957017
48957018
48957019
4897091
49000156
49012406
49043305
49054826
49054839
49060858
49060859
49060860
49060861
49060862
49060863
49060864
49060865
49060866
49062288
49062290
49062849
4910667
49116431
49148169
49148171
49148172
49148173
49148184
49148190
49148222
49148227
49151525
49171703
49171710
49184674
49191503
4919250
493276
4933649
4933650
4933651
4933652
4936162
49383983
49385630
4939267
4939270
49395113
49401351
49401358
49401367
49401376
49401385
49401390
49401453
49406622
49406626
4943256
4946438
4948557
496468
49744475
49744489
49744498
49744500
49744502
49744503
49751710
49754460
49754467
49763596
49774386
4978152
4978993
49796933
49796934
49796937
4979777
49810433
49850939
49854070
49854083
49854088
49854089
49854093
49854094
49886674
49900341
49900342
49900343
49900344
49900345
49900346
49900347
49900348
49900349
49900350
49900351
49900352
49900353
49900354
49900355
49900356
49900357
49900358
49900359
49900360
49900361
49900362
49900363
49900364
49900365
49900366
49900367
49900368
49900369
49900370
49900371
49900372
49900373
49900374
49900375
49900376
49900377
49900378
49900379
49900380
49900381
49900382
49900383
49900384
49900385
49900386
49900387
49900388
49900389
49900390
49900391
49900392
49900393
49900394
49900395
49900396
49900397
49903677
4991865
49946547
49946549
49946552
49946554
49946555
49946557
49946562
49946567
49946569
49967164
49967165
49967166
49967167
49967168
49967169
49967170
49967171
49967172
49967173
49967174
49967175
49967176
49967177
49967178
49978
49979272
4998924
49995115
50026688
50026689
50026690
50026691
50049067
50057861
50064005
50067106
5009499
50108039
50116429
50118184
50118193
50118194
50121317
50136330
50136656
50144387
50144389
50144394
5015041
50163607
50177954
50179738
50223171
50223172
50223174
50223175
50223184
50223185
50226540
50231197
50240887
50240918
50243108
50265613
50265615
50265617
50332748
50366735
50389682
50394104
50394105
50394106
50396317
50404501
50404502
50404503
50404504
50404505
50404512
50404513
50404514
50404515
50404516
50404517
50404518
50404519
50404520
50404521
50404522
50404523
50404524
50407564
50413345
50413346
50413347
50413348
50451839
5046920
5047305
50474680
50493342
50493345
505122
50513485
50513492
50514088
5052499
5055776
50562238
50562246
50566786
50566788
50566790
50566792
50566794
50566805
50566807
50566809
50566811
50566812
50566814
50566816
50566828
50566830
50566832
50566834
50566836
50566838
50566840
50566842
50566844
50566846
50566858
50566860
50566862
50566864
50566866
50566868
50566869
50566895
50566897
50566898
50566900
50566902
50566903
50566906
50566907
50566910
50566912
50566913
50566916
50566917
50566920
50566921
50566924
50566927
50566928
50566932
50566933
50572168
5057444
5057547
5057548
50593687
5059799
50607721
50607724
50610652
50615247
50615248
50615249
50615255
50615436
50615456
50615484
50619468
50619475
5062303
5063236
5063237
50656766
50656767
50656768
50656769
50656770
50656771
50656772
50656773
50656774
50656775
50656776
50656777
50656778
50656779
50656780
50656781
5066032
5066038
5066039
50661035
50662021
50663447
50663471
50663474
50663476
50670027
5068300
50705031
50705032
50717758
50717759
50717761
50717763
50717765
50717767
50717769
50717771
50717772
50733267
50753076
50753081
50753082
50753085
50753088
50753093
50753094
50753099
50753100
50753694
50849301
50852945
50852946
50853029
50854291
50854292
50854293
50859485
50859488
50859492
50859496
50869642
50919748
50920078
50920089
50920090
50920091
50920092
50924011
50924057
50924085
50924086
50924087
50924088
50924089
50924090
50924091
50924092
50924093
50924094
50924095
50924096
50924097
50924098
50924099
50924100
50924101
50924102
50924103
50924105
50924106
50924107
50924108
50924109
50924110
50924111
50924112
50924113
50924114
50924115
50924116
50924117
50924118
50924119
50924120
50924121
5094916
50980027
50985748
5098884
5099177
5099398
50997733
5100687
51015273
51015274
51015275
51015276
51015277
51015278
51015279
51015280
51018222
51018223
51018224
51018225
51018226
51018227
51018228
51018229
51018230
51018231
51018232
51018233
51018234
51018235
51018236
51018237
51057169
5107291
5108051
51099403
51099404
51099405
51099406
51099407
51099408
51099409
51099410
5110699
51115956
51115957
51115958
51115959
51115965
51115967
51115968
51116653
5112065
51129670
51133306
51133307
51133308
51133309
51133310
51133311
51133312
51133313
51133314
51133315
51133316
51133317
51133318
51133319
51133320
51133321
51133322
51133323
51133324
51133325
51133326
51133327
51133328
51133329
51133330
51133331
51133332
51133333
51133334
51133335
51133337
51133338
51133339
51133340
51133341
51133342
51133343
51133344
51133345
51146739
51175498
51175533
51193660
51193970
51193971
51193980
51193981
51193989
51193990
51193991
51193992
51193993
51193994
51193995
51193996
51193998
51193999
51194000
51194001
51194002
51194003
51194004
51194005
51194006
51194007
51227671
51228136
51241620
51241627
51241630
51241635
51260353
51260389
51260394
51293364
51293370
51293394
51293399
51293400
51293406
51293407
51293408
51311466
51312011
51312021
51312036
51312042
51312047
51322706
51322707
51322708
51322709
51322710
51331
51343281
5138150
5138804
51388330
51388368
51388369
51388370
51388371
51388372
51388373
51388375
51388376
51388378
51388379
51388396
51388397
51388398
51395395
51395396
51395397
51395398
51395399
51395400
51395401
51395402
51395403
51395404
51395405
51395406
51417347
51428055
51428090
51441589
51441590
51441591
5144916
5145449
51464488
51464490
51464494
51464498
51464502
51464506
51510166
51512399
5152174
5152596
51526136
51545482
51545767
5154893
5154905
5156628
5156630
5156674
51582612
51582613
51582614
51582615
51582616
51582617
51582618
51582619
51582620
51582621
5159909
5160153
51601570
51601575
51621273
51633219
51660480
51660782
51660874
51683612
51683613
51684867
51696403
51696404
51696405
51696406
51696407
51696408
51725805
51727518
51727523
51727528
51727533
51727538
51727543
51727552
51727562
51757803
51757896
51757945
51757946
51757953
51757979
51791009
51796459
51796460
51796466
51796490
51796499
51815163
51815176
51815182
51822929
51822930
51822931
51822932
51822933
51822934
51822935
51822936
51822937
51822938
51822974
51822975
51822976
51822977
51822978
5182551
51826426
51840021
5185082
51853337
5189565
51926660
51933302
51947048
51947049
51996605
51996629
51999919
52000344
52018543
52033012
52041388
52041401
52047838
52047839
52047840
52047841
52047842
52047991
52055939
52055943
5207428
52101887
5210893
5210900
5210902
52133821
5214447
52168765
5217305
5217389
52210076
52210077
52280195
52299701
52299766
52299781
52300913
52300916
5231337
5234396
52376248
52447687
52447689
52458882
5246600
5247737
5247739
5250485
5250927
52510820
52511052
52516954
5251957
52545912
52545913
5255010
5255011
5255012
5255019
5255026
5255027
5255028
5255289
5255291
5255292
5255293
52558
5256242
5256590
5257524
5257525
5257526
5257654
5257684
5258567
52593990
5261184
52616099
52616100
5261845
52622763
52622764
52622765
52622766
52622767
52622768
52622769
52622770
52622771
52622772
52622773
52622774
52622775
52622776
52632500
5263936
5263937
5263938
5263939
5263940
5263941
5266571
5266634
5266706
52684215
52689937
52720665
5272473
5272476
5272479
5272926
5272928
5276640
5276657
5276669
5276670
5276672
5277002
5277003
5277004
5277005
5277006
52770743
5277084
52771674
52771677
5277188
5277189
5277190
5278906
5278907
5279165
5279167
5279487
5279488
5279489
5279491
52798157
52798175
5281841
5281845
5281853
5282513
5282514
5282529
5282530
5282531
5282843
5283345
52837359
5285408
5285412
5285485
5285486
5285497
5285542
5285544
5285546
52859509
52862971
52871498
52871915
52871916
52871917
52871918
52871921
5289356
5289357
5289560
5289840
52930266
52930271
52950222
52950223
52950224
52950225
52950226
52950227
52950228
52950229
52950230
52950231
52950232
52950233
52950234
52950235
52950236
52950237
52950238
52950239
52950240
52950241
52950242
52968061
52968062
52968063
52968064
52968065
52968066
52968067
52990328
52990329
5301590
5302245
5302297
53079876
53104882
5311472
5311474
5311475
53136339
53136340
53136341
53136602
5314288
5314289
53146023
53146024
53146025
53146026
53146027
53146028
53146029
53146030
53146031
5314647
5315849
5316565
5317883
5317884
5317885
5317886
53179869
53179870
53179916
53179917
53179922
53179923
53179924
53179925
53179926
53179927
53179928
53179929
53179930
53179932
53179933
53179934
53179935
53179936
53179937
53179938
53179939
53179940
53179955
53179956
53179965
53179972
53179973
53179986
5318140
5318141
53182838
53209334
53211699
53218633
53235737
53252580
5327349
5327592
5327642
5330491
5330522
5330523
5330814
53311575
53311576
5332927
5333142
5334721
5335263
5335454
53355235
5335890
5335891
5336947
5336948
5336949
5336950
5336951
5336952
5337747
5337752
53388918
5340546
5340760
53454426
53474065
53502671
53502672
53502674
53502677
53502678
53502680
53502682
53502684
53502685
53502687
53502689
53502691
53502693
53502695
53502697
53502699
53502701
53502703
53502704
53502706
5361027
53651297
53748807
53868516
53872176
53872177
53872178
53940801
53940804
53940806
53958139
53974710
53974711
53974712
53974713
53985552
53992744
54014059
54014060
54014062
54014064
54014066
54014067
54014068
54014070
54014071
54014072
54014075
54014077
54014079
54021421
54021422
54021423
54021428
54063223
54063235
54154548
54185266
54185267
54185268
54185269
54199410
54230403
54256357
54268991
54268992
54272418
54272419
54272420
54272433
54272434
54305544
54305553
54305561
54325859
54325860
54325861
54325862
54343769
54363929
54400241
54405920
54435837
54489461
54493599
54493656
54508076
54574084
54574300
54574303
54574306
54590864
54590865
54590867
54590868
54590869
54601777
54607445
54643850
54668806
54693817
54723970
54745022
54761807
54761812
54761823
54761838
54761842
54786867
54786868
54786869
54786870
54786871
54786872
54786873
54786874
54786875
54786876
54786877
54786878
54786879
54786880
54786881
54786882
54786883
54786884
54786889
54786890
54786891
54832970
54832971
54832972
54832973
54834395
54834510
54834513
54863773
54880160
54880161
54880162
54880163
54880164
54880165
54880166
54880167
54880168
54880169
54880170
54880171
54880172
54880173
54888723
54894120
54978545
54978546
54978547
54980363
550821
550823
550849
550853
550855
550856
550864
55089404
550936
550943
550972
550976
550982
550987
550999
55100520
55102908
55102912
55102944
55102948
551035
551046
551050
55107505
55107515
55107527
55107530
55107614
55107654
55107657
55107660
55107663
55107666
55107669
55107672
551229
551230
551267
551286
551290
55130088
55130096
55130107
55130115
55130123
55130131
55130139
551320
551340
551346
551349
551355
55146523
55146524
55180629
55206025
55206039
55206062
55309019
553106
55321407
55354854
55355132
55355143
55387514
55387516
55387532
55387538
55387539
55387540
55410297
55410298
55410299
55410300
55411880
55424286
55424291
55424292
55424293
55424294
55424295
55432937
55475698
55495315
55508520
555416
55542095
55542104
55542105
55542106
55542107
55542198
55542199
55542200
55547755
555543
555598
555634
555658
555742
555751
555755
55593475
55623787
55623788
55644697
55644707
55680453
55680457
55680463
55680467
55680472
55680477
55680672
55680673
55680674
55680675
55727984
55728048
55728081
55728090
55728099
55746385
557705
557797
557804
558059
558085
558099
558179
55854628
55866125
55866159
55868225
558761
559221
559222
55922307
55922308
55922309
55972280
55972289
55972292
55972295
571008
571037
571372
571416
571433
571575
571634
572005
572023
572139
572181
572188
572190
572391
572409
578987
579024
579030
581150
581351
581610
581627
581688
581691
582321
582332
590594
590603
590664
590670
592340
596899
603911
605168
605263
605507
606643
609425
609495
609496
609497
609498
609520
609546
609547
609550
609564
609580
609589
609591
609610
609612
609613
609632
609678
610339
610579
610634
610645
610649
610780
610781
610785
610786
610805
610807
610825
610828
610860
610862
610891
610955
611148
611205
615100
615181
615185
615195
615336
615346
615347
615375
615448
615449
615474
615598
615794
615828
615832
615835
615843
615961
615973
615976
6188798
619796
619809
619819
620629
620636
620679
620692
6220299
622449
622479
622527
622561
623785
624016
624019
624020
624160
624171
624207
624232
624235
625722
625744
625763
626029
626539
626540
626579
626606
626661
626685
626703
6331921
637245
638918
63893
638952
638986
639638
639677
639841
639921
641997
642183
642322
642651
642937
642944
642950
64458
645994
646165
646201
646254
646256
6466969
649439
649443
649471
649519
649530
649531
649552
651002
651030
651031
651109
651165
6525202
655901
655951
656140
656154
656185
656201
656209
656264
656284
656297
656302
656308
656311
65635
65643
656854
657161
657162
657166
657185
657188
657190
657217
657317
657351
657352
657367
657506
657510
657514
657522
657527
657528
657534
657536
657542
657544
657557
657568
657582
657589
657594
657595
657597
657599
657611
657614
657616
657617
657624
657633
657648
657649
657652
657658
657666
657668
657669
657696
65863
658987
659184
659271
659272
659419
659530
660035
661221
662868
663686
664211
664335
664854
664889
664897
665490
667031
667055
667065
667474
669090
66997
67018
67035
670648
670850
671789
673993
674285
674346
67669
67838
689620
689623
689625
689627
689636
689650
689651
689658
689661
689677
689681
689689
689690
689693
689697
689698
689699
689708
689711
689720
689743
689744
689745
690122
690411
690412
690435
690447
690453
690459
690476
690489
690505
690557
690558
690563
690564
690569
690571
690572
690574
690587
690590
690597
690599
690600
690612
690615
690625
690626
690629
690642
690644
690645
690646
690647
690648
690661
690669
690704
690794
690838
690846
690867
690877
690922
690949
690976
690977
690985
691005
691028
691125
691230
691278
691356
691884
692716
692726
692736
692742
692752
692794
692803
692855
692898
692900
692904
692935
692945
692950
692952
692959
693036
693048
693051
693053
700306
700308
700311
700323
700353
700357
700375
700444
700467
700480
700532
700541
700545
700552
700559
700615
700617
700618
700633
700644
700664
700672
700779
700797
700847
700851
703206
703326
703328
703347
703351
703364
703381
703382
703617
703634
703655
703664
703677
703720
703724
704243
704248
704283
704430
704435
704453
704458
704498
704499
704623
705028
705055
705062
70812
70982
713003
713011
713037
713216
713218
713219
713220
713224
713232
713258
713320
71404
718357
7189517
7191485
7193255
7199483
72525
725533
7257670
726789
726877
728539
7290862
730156
73049
73052
73054
73057
7307162
731737
732124
732137
732414
732426
732433
732749
732800
733787
7370938
7405523
749548
749692
749698
749783
750120
750128
750129
750137
750144
750159
750165
750211
750243
750300
750302
750518
750593
751636
751637
751643
751657
751664
751672
751680
751775
751789
752350
752382
752455
757745
757746
757836
758020
758028
758029
758045
758118
758834
7599274
760684
761094
761329
762159
762833
763108
766283
766285
766903
767117
76775
773393
775284
775297
780259
780470
781066
781443
781444
781456
781478
781558
781561
781565
781576
781583
781585
781611
781671
781771
781783
781807
781812
783834
784422
78808
793280
793370
793373
794721
799071
799088
799095
801084
805735
805747
80591
80595
813570
81391
81434
81452
817664
81800
824410
825629
825709
825766
825767
826016
826070
826432
826433
826438
826441
826497
826538
826539
826673
826766
826954
826969
826986
827469
827508
827755
827756
828048
828304
846585
846704
846804
846839
846858
846916
846919
846927
846966
847311
847316
847627
847641
847723
847743
847865
848141
848214
848935
8515667
8517162
8519303
8520185
8520649
8520661
8520693
8520831
8533434
8533512
8533904
853486
8535910
8536108
8539330
8546751
8546753
85486
85487
85491
8549141
85493
8550991
8551291
8552372
85527
85534
8555553
85559
8555964
8556182
85564
85566
855718
85576
85578
85587
85588
8559429
85617
85624
8563119
8563132
8563427
8563444
856500
856686
8567076
8567077
8567096
8570466
8570507
8571214
8572067
8572701
8572709
8572747
8572748
8574234
8574242
8577828
8579562
8579602
8581264
8582366
8582367
8582368
8582369
8582370
8582953
85860
85867
85928
85930
85944
85946
85953
85958
8596115
8596347
8596503
85967
85978
8598629
85987
8600607
8606112
8606116
8609300
8609301
8609302
8609824
8611238
8611242
8611577
8611710
8611712
8612828
8613843
8616617
8616821
8624693
8628339
8628352
8629104
8633346
8634102
8637380
8639856
8644552
8665455
8666489
8666491
8666492
8666877
8666884
8666885
8666891
8670754
8670776
8671724
86721
8672154
8672227
86723
8677031
86786
86788
8680862
8682009
8686847
8687200
8687237
8687351
86874
86880
86888
8691941
8691948
8691992
8692140
8695490
8695497
8695807
8695816
8695821
8695875
86959
8696099
8696547
8696577
8696743
8698631
8698645
8698646
8698648
8698650
8698654
8698655
8698660
8698744
8699614
8700274
8700295
8700296
8700297
8701492
8702983
8703022
8703137
8703139
8703142
8703143
8703542
8703608
8703609
8703610
8703611
8706087
8706088
8706396
8707888
87107
87145
87159
87163
87169
8718159
8718600
8720428
8720600
87211
87219
87224
8727317
8734537
8736365
8736384
8736407
8740277
8740281
8740282
8740286
8740290
8740292
8740397
8740554
8740586
8741927
8742144
8742761
8742763
8742764
8743604
8743605
8743606
8743607
8743608
8744732
8744733
8744735
8744736
8744737
8744738
8753183
8757639
8757689
8757690
8757696
8757697
8757705
8757706
8757709
8757710
8757729
8757848
8757853
8757854
8759160
8759183
8761531
8761532
8762293
8763631
8764642
8764742
8764793
8764874
8771621
8771622
8773558
8774393
8774493
8800445
8812559
8813370
8813836
8814595
8815475
8823444
8823445
8823552
8823553
8823554
8823872
8823873
8823874
8826000
8826400
8827696
8827697
8829487
8829491
8829492
8832522
8832578
8832579
8832874
8832875
8836244
8836245
8841045
8841902
8843130
8858580
8859626
8859627
8859629
8859801
8859802
8865331
8865840
8865841
8866426
8868713
8869558
8873106
8873176
8882412
8884432
8884518
8885074
8886856
8886866
8887942
8892806
8892809
8893839
8893869
8896770
8899481
8899906
8900142
8902074
8902702
8905619
8906774
8907318
8907606
8909418
8913486
8915028
8916012
8916217
8916345
8918163
8918214
8918269
8918430
8928925
8930311
8930395
8930724
8933418
8933581
8934220
8944202
8949278
8949279
8949297
8949298
8949379
8949946
8951572
8951573
8952000
8952001
8954007
8954210
8958041
8958457
8960653
8960691
8960692
8961050
8961051
8964713
8964714
8964715
8964716
8965666
8965836
8965841
89661
89663
8986810
8988047
8990380
8990504
8990505
8990506
8990507
8990508
8991094
8997426
8998591
8998747
8998791
9002114
9002970
9005586
9008845
9012756
9013112
9015526
9016286
9016400
9018892
9019035
9019371
9019372
9019373
9019374
9019376
9019377
9019378
9019379
9019381
9021532
9022741
9025746
9025768
9026197
9028462
9030029
9032456
9036686
9055816
9055820
9059383
9061501
9062693
9063166
9063368
9063369
9063370
9063374
9063375
9063401
9064878
9068892
9075720
9076151
9076709
9079585
9079590
9079591
9079599
9079600
9079610
9080098
9080105
9084809
9084814
9084820
9084824
9084825
9086793
9086794
9087240
9088449
9088450
9089090
9089093
9090781
9092257
9093121
9093122
9119330
9119608
9120543
9120544
9121575
9121576
9121943
9121971
9122042
9122248
9122260
9122405
9122617
9123956
9124240
9124241
9124354
9124638
9124778
9132789
9133636
9136947
9139970
9140751
9140813
9142957
9143192
9144001
9144102
9144103
9144586
9145860
9146597
9146608
9146619
9146857
9156106
9174906
9175177
9175305
9175388
9181337
9182781
9183416
9184207
9193015
9195377
9195702
9199366
9199635
9201699
9204007
9218851
9221400
9237774
9237999
9239502
9240944
9241012
9241096
9241110
9241111
9241637
9241638
9241646
9242072
9242754
9243392
9244477
9244478
9245623
9245624
9245744
9245784
9245800
9247069
9247477
9247478
9250091
9250092
9253263
9253265
9254884
9254885
9256141
9257180
9257187
9258610
9259136
9259200
9259201
9259202
9259205
9260026
9262597
9262601
9262621
9262689
9262690
9262716
9262941
9263430
9263661
9264568
9265710
9266488
9266697
9270138
9270140
927034
927102
9271413
9273163
9273164
9274706
9274707
9274807
9274831
928262
928267
928293
928365
9291681
9291703
9292217
9292645
9296159
9296412
9296679
9298759
9298897
9298953
9300863
9300864
9300868
9300869
9301172
9301321
9302928
9302929
9302930
9306481
9309266
9309267
9309268
9309269
9309270
9309271
9309272
9316899
9319886
9321899
9321900
9321940
9321949
9321950
9321980
9322677
9325060
9325066
9325072
9325178
9325548
9325549
9325552
9325555
9325729
9325925
9325926
9325927
9326065
9329036
9329474
9332283
9332334
9332345
9332356
9332359
9332368
9332372
9332379
9332389
9332390
9332392
9332393
9333721
9333745
9333746
9333748
9333755
9333769
9333772
9338310
9338311
9340879
9342832
9342833
9342834
9343706
9346931
9347040
9351483
9356131
9356601
9358598
9358821
9375469
9375717
9379027
9379028
9379030
9379031
9379459
9381137
9381863
9381875
9383468
9383469
9383471
9384345
9384347
9384398
9384399
9389856
9394653
9394654
9394655
9394656
9402820
9402854
9402865
9404822
9404826
9404829
9404838
9406065
9406066
9406073
9408462
9408479
9408620
9409774
9413166
9413170
9413173
9427248
9428910
9430384
9442397
9444857
9444888
9446183
9446298
944635
944636
9446437
9446563
9447518
9447519
9447541
9447569
9449574
9449605
9449793
9450891
9450892
9450893
9450894
9450895
9450896
9450897
9454331
9454461
9454697
9458132
9460888
9463055
9463555
9463602
9464061
9464991
9466863
9466874
9466876
9466885
9466886
9466899
9467682
9467683
9467684
9467685
9467686
9467687
9467688
9467691
9467692
9467693
9467694
9468746
9469060
9469870
9470148
9470186
9470469
9470739
9470804
9471990
9472008
9472013
9472101
9472135
9476036
9476053
9485396
9503240
9503241
9503248
9503372
9505935
9505937
9506315
9506326
9509281
9509349
9511669
9511670
9511671
951181
9512923
9512960
9513054
9518049
9518122
9518579
9519148
952232
9523380
9528703
9529205
9534671
9535704
9538276
9538391
9538392
9538410
9538411
9539465
9539470
9542807
9543092
9544414
9544686
9545528
9545529
9546530
9550542
9550768
9554252
9554361
9555015
9555786
9556497
9556498
9556746
9557303
9557377
9558162
9559544
9559732
9559803
9560621
9561978
9573786
9579101
9579278
9580918
9580919
9580920
9581859
9582184
9582185
9582186
9582342
9582539
9586421
958780
9594029
9595270
9598035
9599172
9600008
9600267
9600268
9600270
9600272
9600313
9600324
9600604
9600605
9601148
9602437
9603386
9603395
9604431
9606331
9606353
9609650
9612351
9616015
9619250
9622115
9622386
9630549
9632552
9635140
9635235
9635685
9635760
9637539
9637578
9637579
9637879
9638277
9640134
9641153
9642342
9647972
9651576
9651577
9651578
9651580
9651581
9651584
9651585
9653478
9654406
9654407
9657251
9658083
9660081
9662582
9662678
9662680
9668634
9668998
9669689
9669700
9669713
9669742
9669744
9669747
9669748
9669756
9669757
9669780
9669796
9669797
9669798
9669799
9669801
9669807
9669808
9669813
9669814
9669815
9669816
9669823
9669825
9669828
9670766
9672468
9677190
9681745
9681748
9681751
9681752
9683229
9685781
9689247
9691255
9695709
9695736
9696494
9696526
9713509
9713683
9713811
9714843
9715495
9716327
9717350
9720452
9720453
9720454
9720455
9720456
9724788
9724921
9731159
9733298
9733301
9733303
9733304
9733648
9734965
9734971
9735886
9736263
9736662
9738087
9744079
9747462
9748825
9749084
9749536
9749980
9754209
9756588
9757125
9764629
9768113
9769783
9769784
9772442
9776825
9777061
9778688
9778689
9778867
9778868
9778981
9778982
9781290
9781667
9788542
9788543
9789846
9789874
9795033
9799008
9799085
9799213
9799348
9799761
9801233
9802120
9802206
9804464
9805116
9807564
9807611
9807612
9807701
9807703
9807884
9808479
9811612
9819453
9819957
9820277
9820280
9822069
9822813
9823483
9848074
9848634
9849236
9849262
9849321
9849457
9849464
9849948
9849968
9849974
9849978
9850165
9850173
9850178
9850526
9850643
9850747
9850810
9850813
9851290
9851325
9851884
9851885
9852084
9852120
9852736
9852978
9853080
9853114
9853209
9853249
9853259
9854320
9854526
9854722
9854920
9855326
9855893
9856313
9856839
9856982
9857146
9857152
9857231
9858022
9863776
9863777
9864544
9865340
9866523
9867415
9867475
9867647
9867793
9868436
9868441
9869190
9869191
9869924
9871292
9882285
9882340
9883103
9883157
9884088
9885312
9886316
9886328
9886384
9888299
9888631
9889340
9889341
9890285
9891528
9892271
9892281
9892282
9892283
9892290
9892296
9892445
9895567
9896404
9900655
9903053
9903055
9903057
9905474
9905735
9914690
9916504
9923254
9923816
9929910
9930067
9932730
9932750
9932967
9932968
9932980
9932981
9932982
9934769
9934774
9934776
9934777
9934813
9934818
9934819
9934825
9936689
9937186
9937187
9937195
9937198
9937199
9937200
9937201
9937807
9937813
9937815
9937816
9937817
9939285
9940293
9940341
9940342
9940343
9940344
9940345
9940979
9941263
9942302
9942303
9942304
9944001
9947520
9947888
9948658
9949044
9951347
9952381
9959804
9969042
9969044
9972229
9973778
9977642
9986238
9987376
9987386
9989179
9989181
