10028858
10028859
10028860
10028861
10039661
10039662
10039664
10039666
10039667
10039670
10039674
10040383
10040530
10040559
10040564
10041130
10041360
10041361
10041401
10041899
10054445
10054446
10054447
10054448
10054449
10054450
10054454
10055555
10055557
10055558
10061296
10061297
10061298
10061299
10061300
10061301
10061302
10061303
10061304
10061305
10061326
10061327
10061335
10064746
10069597
10069646
10071997
10074507
10076784
10101834
10101840
10122478
10123626
10123658
10123881
10124211
10124218
10130088
10130089
10130090
10130091
10130092
10130093
10130094
10130095
10130096
10130097
10130098
10130099
10130100
10130101
10130102
10130104
10133218
10142772
10143589
10146179
10146310
10148705
10148753
10152042
10152873
10153755
10156415
10156446
10156463
10156468
10156519
10156541
10204838
10206163
10206164
10206165
10273971
10289703
10293652
10296611
10296675
10296678
10300982
10306253
10306254
10306255
10312550
10312551
10312552
10323520
10330040
10330041
10332824
10332852
10335834
10336063
10336072
10341647
10341658
10389034
10405278
10405732
10405733
10405771
10405859
10405979
10406019
10406031
10406034
10406045
10406047
10406060
10406068
10406089
10406093
10406096
10406097
10406098
10406099
10406100
10406103
10406121
10406133
10406164
10406169
10406680
10406758
10407083
10407808
10407809
10415466
10415467
10415468
10420852
10426394
10426413
10426415
10426416
10426417
10426418
10426419
10426420
10426421
10426422
10426430
10426540
10431389
10431395
10433636
10434054
10435043
10438132
10440736
10440741
10440793
10443060
10443152
10445260
10445273
10445349
10445350
10445351
10449004
10449005
10451178
10451188
10451191
10451201
10451223
10451307
10451309
10451346
10451349
10451354
10451366
10451368
10451378
10451379
10451380
10490505
10490682
10490683
10490684
10490685
10490686
10490687
10490688
10497663
10497664
10497665
10504210
10504225
10504227
10505814
10507954
10509783
10509784
10509787
10509788
10512065
10512066
10512067
10512068
10512069
10513393
10529201
10529228
10535801
10546556
10548100
10586199
10588286
10622335
10644484
10644486
10648315
10655586
10659541
10670738
10670757
10688218
10689482
10689629
10706536
10706543
10722630
10722634
10722636
10722639
10722641
10842208
10887614
10927830
10927835
11031505
11049853
11049854
11049855
11049856
11049857
11049858
11049859
11049860
11049861
11049862
11049863
11049864
11049865
11049866
11049867
11049868
11049869
11049870
11049871
11049872
11049873
11084792
11084823
11084824
11084825
11084826
11084827
11084828
11085923
11085925
11085927
11085933
11085935
11085937
11090230
11090232
11222754
11222755
11223522
11237206
11237207
11275182
1253355
22828565
22828568
22828570
22828573
22828578
22828582
22828653
22828656
22828683
22828686
22841274
22851391
22854399
22958398
22958406
22961764
22963327
22963329
22963981
22964169
22964170
22964171
22965812
22970116
22974074
23048996
23049106
23051717
23053487
23053494
23053495
23053868
23053884
23054467
23054478
23138194
23138229
23138230
23138522
23140579
23141835
23143007
23143013
23143319
23143321
23143328
23144238
23144251
23144287
23144288
23144289
23144290
23144291
23145709
23149668
23149694
23154045
23161658
23161976
23161983
23230225
23230226
23230228
23230263
23230832
23230899
23232533
23232538
23232539
23235798
23313134
23313161
23314191
23315761
23315795
23319306
23322057
23397760
23404627
23404941
23404943
23404955
23404992
23404993
23405586
23482842
23484989
23485008
23485031
23485218
23485261
23487407
23487408
23488577
23488583
23488584
23488669
23489737
23489862
23490341
23490349
23490366
23490375
23490955
23491012
23491259
23492223
23492900
23494385
23495345
23499877
23566875
23566877
23574875
23574893
23574902
23574907
23575630
23575631
23575632
23575683
23575845
23580505
23580597
23581070
23583023
23583068
23583421
23585223
23589818
23590990
23590992
23590996
23590999
23591009
23653928
23656606
23661057
23661173
23661488
23661493
23661503
23662124
23662157
23662159
23662165
23662373
23662374
23664300
23664319
23664320
23664986
23665900
23665901
23675831
23683786
23738759
23740574
23742361
23742363
23747723
23751555
23753707
23754994
23764914
23832215
23832755
23834374
23835085
23836868
23837512
23840440
23841739
23841740
23842755
23843235
23854758
23856815
23913739
23917934
23917935
23917937
23918987
23919022
23919714
23921209
23921210
23921759
23930406
23930407
23930408
23931012
24720252
24788459
24794906
24794907
24796697
24796727
24796728
24797753
24878499
25592470
25599864
25607363
25668756
25673052
25674920
25675655
25675930
25682005
25759617
25760735
25769084
25833245
25833859
25837888
25837900
25853501
25853508
25853510
25853514
25899915
25899917
25901131
25943330
25943331
25943332
25943333
25943334
25943365
25955704
25955705
25955706
25955707
25955708
25955709
25955710
25955711
25955712
25955713
25955714
25955715
25955716
25955717
25955718
25955719
25955720
25955721
25995136
25995137
25995138
25995139
25995140
25995141
25995142
25995143
25995144
25995145
26017272
26017273
26017274
26017275
26017276
26017277
26017278
26017279
26017280
26017309
26040862
26040863
26040864
26040865
27750532
27751628
27759575
27760604
27778273
27778311
27778316
27778319
27778320
27778348
27778982
27805037
27805138
27819635
27819676
27828958
27845534
27845535
27858169
27858170
27858171
27861816
27863442
27899283
27910527
27917500
27929171
27929172
27929214
27929218
27949196
27949197
27949200
27949201
27949202
27949203
27949204
27949205
27949206
27949207
27949208
27949209
27949210
27949211
27949212
27949214
27975537
27975595
27979764
27979766
27979767
27979768
27979769
27979770
27979771
27979772
27979773
27988829
27988839
27989317
27989328
28009375
28014261
28053915
28101323
28108642
28121144
28125207
28125224
28183003
28183005
28183030
28183031
28183041
28183043
28183044
28183045
28194452
28194453
28194454
28194455
28194456
28194457
28194458
28194459
28194460
28194461
28194462
28194463
28194464
28194465
28194466
28194467
28194468
28194469
28194470
28194471
28194472
28194473
28194474
28206065
28206066
28206067
28206068
28206069
28206070
28206071
28206072
28206073
28206074
28206075
28206076
28206077
28215709
28215710
28215711
28215712
28215713
28215714
28215715
28229812
28253652
28286587
28286588
28300914
28312776
28312777
28312778
28312779
28312780
28312781
28312782
28312783
28312784
28312788
28312789
28312790
28312791
28334722
28365018
28370598
28373011
28392284
28392285
28392286
28392287
28392288
28392289
28392290
28392291
28392292
28392293
28392294
28392297
28392468
28410892
28431876
28433273
28454547
28472385
28477639
28477640
28477678
28477708
28477737
28477738
28477755
28477756
28477757
28477788
28477797
28477798
28477799
28477800
28477801
28501042
28501050
28501051
28501059
28501060
28501061
28501062
28501063
28501064
28501065
28501066
28501067
28501068
28518804
28525182
28531796
28531797
28531798
28531799
28531800
28531801
28531802
28531808
28531810
28531811
28531812
28531814
28531815
28531816
28543826
28543827
28543829
28543830
28543831
28543832
28543833
28543835
28543836
28543837
28543838
28543839
28543840
28543841
28543843
28543844
28560529
28560544
28566649
28574102
28590965
28590966
28590967
28590968
28590969
28590970
28590971
28590972
28590973
28590974
28590975
28590976
28590977
28590978
28590979
28590980
28590981
28611983
28611984
28611985
28611990
28611991
28616746
28621507
28654078
28654082
28676515
28676516
28676518
28693651
28720240
28734034
28752963
28755704
28755705
28755706
28755707
28755708
28755709
28755710
28755711
28759493
28759496
28759511
28759512
28759513
28759517
28762743
28767235
28767236
28767237
28767238
28767239
28767240
28767241
28767242
28767243
28767244
28767245
28767246
28784183
28784191
28784192
28814861
28818590
28832586
28832587
28832588
28832589
28832590
28832591
28832592
28832593
28832594
28832595
28832596
28837997
28838000
28838073
28838074
28838075
28838076
28838077
28838078
28838079
28838080
28838081
28838082
28838083
28838084
28842752
28854486
28854487
28854488
28856115
28875681
28875682
28875683
28875684
28875685
28875686
28875687
28875688
28875689
28875690
28876206
28888684
28888686
28911016
28911017
28911018
28911041
28931350
28931351
28944383
28964497
28964512
28974355
28987923
28987924
28987925
28987926
28989285
29015329
29037568
29038515
29045196
29049917
29054833
29054834
29054835
29059561
29059567
29063128
29069920
29077486
29077509
29085794
29087297
29109607
29109608
29109609
29112854
29113689
29131433
29131441
29131442
29131443
29150223
29150224
29150225
29150226
29150227
29150228
29150229
29150230
29150231
29150232
29150233
29150234
29156047
29192175
29192184
29267858
29390451
29390452
29390453
29390454
29390455
29390456
29390457
29390458
29390459
29448345
29454560
29466025
29466026
29466027
29466028
29466029
29466030
29466031
29466032
29466033
29466034
29466035
29466037
29466038
29466039
29466040
29466041
29466042
29466043
29483641
29499583
29499584
29499589
29528379
29528387
29587437
29587442
29587443
29636513
29636514
29636515
29636516
29636517
29636518
29636519
29636520
29636521
29636522
29636523
29636524
29636525
29636526
29661434
29661440
29661447
29691739
29691740
29691741
29691742
29711105
29711106
29711107
29711108
29711109
29711110
29711111
29711112
29711113
29711114
29711115
29711116
29711117
29711118
29711119
29711120
29711121
29711122
29711123
29711124
29711125
29711126
29711127
29711128
29711129
29711130
29711131
29711132
29711133
29711134
29711135
29711136
29711137
29711138
29711139
29711140
29711141
29711142
29711143
29716954
29716962
29716963
29716964
29913640
29924231
29927390
29941032
29943602
29949652
29951987
29953379
29953380
29953381
29953382
29953383
29953384
29953385
29953386
29953387
29953388
29953389
29953390
29953391
29953392
29953393
29953394
29953395
29953396
29953397
29953398
29953399
29953400
29953401
29953402
29953403
29953404
30027138
30036923
30086938
30092556
30092557
30092558
30092559
30092560
30092561
30092562
30092563
30092564
30092565
30092566
30092567
30092568
30092569
30092570
30092571
30092572
30092573
30092574
30102304
30102305
30102306
30138423
30138430
30138431
30138433
30138435
30138440
30155396
30155397
30155398
30155399
30155401
30155402
30155403
30155404
30155405
30155406
30155407
30155408
30155409
30169428
30169553
30177439
30251700
30251701
30251703
30251705
30251706
30277043
30277096
30301541
30301623
30302922
30308153
30308168
30316218
30343124
30424776
30479149
30479152
30486642
30486643
30486644
30486680
30486684
30486697
30559117
30559118
30559119
30559120
30559121
30559122
30559123
30559124
30559125
30559126
30559127
30559128
30559129
30559130
30559131
30559132
30559133
30560210
30622951
30622952
30622953
30622954
30622955
30622956
30622957
30622959
30622960
30622961
30622963
30664255
30664372
30677178
30766073
30766074
30766075
30766077
30778190
30796389
30796404
30796406
30796408
30796410
30796412
30796414
30796424
30796426
30796428
30796438
30796457
30796471
30810609
30861420
30861437
30861438
30861439
30873950
30873970
30883932
30885411
30910088
30910148
30910149
30910150
30910151
30910152
30910153
30910154
31036042
31036043
31036045
31036046
31036047
31056732
31076503
31215686
31244561
31244807
31376433
31376532
31391916
31391920
31391925
31391947
31391948
31392103
31392104
31392105
31392106
31392107
31392108
31392112
31392312
31392315
31392316
31474121
31499442
31600857
31601463
31601464
31601486
31601487
31601488
31615533
31615535
31615650
31680454
31731803
31732148
31732216
31755052
31822211
31858704
31880495
31880499
31897996
31897997
31898015
31908504
31908505
31928336
31928338
31928341
31968640
32000139
32061382
32061383
32061384
32061385
32061387
32061389
32061401
32061402
32061403
32064405
32064439
32064440
32096799
32096809
32096833
32096906
32096907
32096908
32096914
32110826
32176517
32176520
32176522
32186280
32237070
32237071
32237072
32237073
32237074
32251480
32251485
32251490
32331039
32333220
32373998
32374000
32374001
32374002
32374003
32374004
32374005
32374006
32374007
32374008
32374009
32374010
32433594
32433621
32433623
32433625
32433627
32433629
32433634
32433636
32433654
32433665
32433743
32438207
32438208
32441067
32441068
32441069
32441070
32441082
32441083
32441084
32485547
32485548
32485549
32485550
32485551
32485552
32485553
32485555
32485556
32485557
32485558
32485559
32485560
32485561
32485562
32485563
32485564
32485565
32485566
32485567
32485568
32485569
32485570
32485571
32485572
32485573
32485574
32485575
32485579
32505310
32505311
32505313
32546497
32546498
32576042
32576043
32576044
32576045
32576046
32576047
32611238
32611338
32611339
32611340
32611342
32611343
32611344
32611351
32611352
32611353
32611356
32621041
32621043
32621044
32621100
32629003
32652689
32660646
32660650
32660651
32660656
32722328
32727620
32765781
32775499
32800152
32866716
32866717
32866718
32866719
32866720
32866721
32866722
32866723
32866724
32866725
32866726
32866727
32866728
32866729
32866730
32866731
32866732
32866733
32866734
32866735
32866736
32866737
32866738
32866739
32866740
32866741
32866742
32866743
32866744
32866745
32866746
32866747
32866749
32866750
32866751
32866752
32866754
32866756
32866757
32866758
32866760
32866761
32866763
32866764
32866766
32866767
32866771
32872138
32890350
32890658
32912307
32912327
32912335
32926348
32953382
32953383
32953384
32953385
32953386
32988295
32990338
32990339
32990340
32990341
32990343
32990344
32990345
32990346
32990347
32990348
32990349
32990350
32990352
32990353
32990354
32990356
32990357
32990359
32990360
32990361
32990362
32990363
32990364
32990365
32990366
32990367
32990368
32990369
32990370
32990371
32990389
32990394
33010860
33063252
33145775
33167125
33178188
33178189
33178208
33178292
33178320
33178321
33178322
33178325
33178326
33178378
33204037
33252884
33365736
33365737
33369395
33371227
33389442
33389443
33389445
33389449
33389451
33389452
33389482
33389522
33389524
33419058
33419061
33419062
33419064
33419065
33484185
33490754
33505802
33505804
33516792
33528741
33537510
33537512
33537513
33537515
33537517
33537518
33537519
33537521
33537522
33600023
33600024
33600025
33600026
33600027
33600028
33600029
33600030
33600031
33600032
33600033
33600034
33635590
33635593
33635594
33635595
33635596
33635602
33635605
33635606
33635607
33635608
33635609
33635611
33635612
33635627
33658601
33658602
33658603
33670720
33670830
33771708
33771711
33771732
33771734
33771739
33771740
33771748
33771752
33804685
33834729
33834730
33834731
33834732
33861909
33861912
34034453
34034454
34034455
34034456
34034457
34034458
34034459
34034460
34034461
34034462
34034463
34064140
34064141
34064142
34064143
34064144
34064148
34064149
34064150
34064152
34064153
34064154
34064155
34064156
34111159
34111161
34111163
34111165
34111167
34111169
34111171
34111173
34113043
34113084
34113152
34113154
34113156
34147528
34154443
34160703
34160790
34160866
34214372
34214373
34214374
34214375
34214376
34226529
34226530
34226531
34226532
34226533
34226534
34226535
34226536
34226537
34226538
34226539
34226540
34226541
34226542
34226543
34226544
34366754
34374148
34374151
34374197
34394370
34394372
34394383
34400831
34400833
34405457
34466403
34466404
34466405
34466406
34466407
34466408
34466409
34466410
34481320
34481322
34481327
34541145
34541146
34541147
34541148
34541149
34541150
34541151
34541152
34541153
34541154
34541155
34541156
34541157
34541158
34541159
34541160
34569461
34569462
34569464
34579532
34579535
34579545
34579554
34579616
34579712
34579725
34579726
34598911
34604444
34604445
34604446
34604447
34604448
34604449
34604450
34604451
34604452
34604453
34604454
34604456
34604457
34604458
34604461
34604462
34604463
34604467
34604470
34604471
34604472
34754975
34755019
34790817
34811994
34811997
34886787
34893813
34907228
34907234
34915789
34915833
34915834
34919852
34933139
34934698
34939929
34942734
34943058
34943969
34943970
34948334
34948341
34948368
34948369
34948370
34948371
34954161
35025318
35057402
35057404
35057405
35057406
35057407
35057409
35057411
35057413
35057415
35057416
35057417
35057418
35057419
35057420
35057424
35057425
35057427
35078310
35078311
35078312
35078313
35078314
35078315
35080741
35164895
35164911
35191304
35197338
35216152
35216153
35224470
35224540
35224542
35231444
35239935
35239937
35314029
35352403
35357155
35376893
35396047
35396326
35409001
35415641
35415989
35455461
35455462
35455463
35455464
35455465
35455466
35455467
35455468
35455469
35455470
35455472
35455474
35455477
35455479
35455481
35455488
35455490
35455493
35455495
35455496
35455498
35455500
35455503
35455505
35455507
35455508
35455510
35455513
35455515
35463742
35463743
35463744
35463745
35463747
35463748
35463777
35463779
35470826
35470827
35470828
35470829
35470830
35470831
35470832
35499676
35515117
35515118
35540348
35570133
35595121
35608907
35693126
35725111
35725306
35740653
35769359
35773474
35773475
35773476
35773478
35796501
35796503
35796629
35798555
35820838
35820839
35820840
35820841
35820842
35820843
35820844
35820845
35820846
35820847
35820848
35820849
35820850
35820851
35820852
35820853
35820854
35820855
35820856
35820857
35820858
35820859
35820860
35820861
35820862
35820863
35820864
35820865
35820866
35820867
35820868
35820869
35820870
35820871
35820872
35836669
35837722
35837771
35859224
35859225
35889503
35889504
35889505
35889506
35889507
35889508
35889509
35889510
35889511
35889512
35889513
35889514
35889515
35889516
35889517
35889518
35889714
35889715
35889716
35889717
35889718
35889719
35889720
35889721
35889722
35889723
35889724
35889725
35889726
35889727
35889728
35889730
35916070
35932362
35943023
35943027
35943029
36014776
36014777
36014778
36014788
36014794
36014795
36014796
36014797
36014798
36014799
36014800
36014801
36014802
36014803
36014804
36014805
36014810
36014811
36014812
36014813
36014814
36014815
36014816
36014817
36014818
36014819
36014820
36014821
36020801
36029002
36040722
36095478
36102307
36102308
36106298
36120091
36158494
36158496
36158502
36158503
36158504
36158505
36158506
36158507
36158508
36158509
36158510
36158511
36158512
36158513
36158514
36158515
36158516
36158517
36158518
36158519
36158520
36167896
36170393
36173409
36173410
36219322
36219324
36219359
36219361
36219503
36219796
36222364
36222365
36222366
36222367
36222368
36222369
36222370
36222371
36222372
36222373
36222374
36222375
36222376
36222377
36222378
36222379
36222380
36222381
36222382
36222385
36222386
36222387
36222388
36222389
36222390
36222391
36222392
36234197
36234200
36234202
36234203
36234204
36234211
36248384
36248612
36279791
36280924
36281004
36285551
36300322
36300371
36302568
36326838
36326839
36326840
36399071
36406802
36406803
36406804
36424592
36424593
36424594
36424595
36424596
36424597
36424598
36424599
36424600
36424601
36424602
36424603
36424604
36424605
36424606
36424607
36424608
36424609
36469325
36491244
36612884
36681511
36681818
36739401
36792833
36792834
36792835
36792836
36814768
36818054
36818058
36818067
36818075
36818100
36818111
36843827
36860180
36861120
36861127
36861138
36861141
36861150
36861153
36861156
36861161
36861165
36874167
36943646
36943647
36943648
36946854
36946855
36946857
36946858
36948227
36948228
36948229
36948230
36948231
36948232
36948237
36948238
36948239
36948240
36948241
36948242
36948243
36948244
36948245
36948246
36948247
36948248
36948249
36948250
36952923
36952925
36952927
36952929
36952931
36952933
36952935
36952937
36952938
36952943
36952945
36952947
36969252
36988283
37023115
37086600
37090822
37090854
37090976
37090977
37120808
37120809
37120912
37120937
37121028
37121073
37121163
37126792
37127138
37157463
37181830
37197194
37228688
37228689
37228691
37228693
37228695
37228697
37228699
37228701
37228704
37228708
37228711
37228712
37228714
37228716
37228718
37236200
37260386
37260389
37260392
37260395
37265966
37265969
37265971
37314170
37322796
37339391
37377566
37401522
37409548
37409549
37409550
37409551
37409552
37409553
37409554
37409555
37409556
37409557
37409558
37409559
37409560
37409561
37409562
37409563
37409564
37409565
37409566
37409567
37409568
37409569
37409570
37409571
37409572
37409573
37419077
37419078
37433072
37453615
37453640
37475538
37476655
37476668
37482598
37482601
37482602
37482609
37482616
37482621
37482623
37482624
37482625
37482626
37482627
37482628
37482629
37482630
37482631
37482632
37482633
37482634
37482635
37482636
37482637
37482638
37482641
37482642
37482643
37482644
37482645
37482646
37482647
37482648
37482649
37482650
37482651
37482652
37482653
37482654
37482656
37533088
37537147
37537149
37537150
37537151
37537152
37537153
37537154
37537155
37537158
37558594
37558598
37558602
37558609
37576499
37576657
37576658
37576659
37576664
37576667
37576684
37576685
37576686
37576710
37576711
37576712
37576713
37576714
37576715
37576716
37576717
37576718
37576719
37656093
37656155
37656184
37665742
37668295
37736996
37737000
37737389
37737390
37737391
37737392
37737393
37737394
37737395
37781645
37782289
37782414
37782960
37790883
37790884
37791717
37791720
37877683
37884103
37889482
37889483
37889484
37889485
37889486
37889487
37889488
37903374
37903707
37904657
37904702
37904784
37924537
37924538
37924539
37956258
37973367
37981346
38003336
38049662
38058154
38073903
38077461
38077462
38077463
38077465
38077466
38077471
38077476
38077477
38112441
38112443
38112449
38112452
38145228
38145229
38145230
38145231
38145232
38145233
38145234
38145235
38145236
38145237
38145261
38146859
38146869
38204143
38204144
38204145
38204146
38204147
38204148
38204149
38204150
38204151
38204152
38204153
38204155
38204156
38204157
38216329
38216330
38216331
38250287
38253671
38254963
38256656
38269387
38269388
38379320
38403985
38430110
38430111
38430112
38430113
38430114
38430115
38430116
38430117
38430118
38430119
38430120
38430121
38430122
38430123
38430124
38430125
38430126
38430127
38430128
38430129
38430130
38430131
38430132
38430133
38437645
38438131
38507069
38507146
38507151
38507152
38507167
38507222
38531326
38531327
38531328
38531329
38531330
38531331
38531332
38531333
38531334
38601115
38618386
38618417
38620112
38620113
38623171
38624726
38625317
38625322
38625333
38625335
38625338
38637531
38637534
38637537
38637664
38638175
38638395
38638471
38638496
38638508
38639376
38639377
38639379
38639380
38639382
38639387
38710915
38725500
38747596
38747598
38747607
38747611
38747613
38747623
38750330
38750332
38750334
38750336
38750340
38750341
38750342
38750343
38750344
38750345
38779435
38779437
38792968
38798710
38810047
38810048
38820946
38854025
38854031
38854107
38854109
38854247
38854261
38854263
38854276
38854278
38854279
38854281
38854282
38854283
38854307
38854308
38854329
38854330
38897622
38897623
38897625
38897627
38897629
38897631
38897632
38897633
38897634
38897635
38897636
38897637
38897638
38897639
38897640
38897641
38897642
38897643
38897644
38897645
38897646
38897647
38897648
38897650
38897652
38897654
38897656
38907573
38910437
38910438
38910439
38910442
38910443
38910445
38910446
38910447
38910448
38910449
38910450
38910451
38910452
38910453
38910454
38910455
38910542
38910544
38910563
38910565
38910568
38951801
38951804
38960470
38983582
38989774
38992377
38992391
38992392
38992393
38992394
38992395
38992412
39000619
39119510
39119538
39131755
39140021
39140023
39140026
39140090
39140093
39140096
39158364
39158366
39162752
39162753
39162754
39162755
39162756
39162757
39162758
39162759
39162760
39162779
39178027
39178028
39178030
39178031
39178033
39178034
39178035
39178036
39178037
39178038
39178039
39178040
39178041
39178042
39178043
39178045
39178047
39191708
39238870
39238875
39238888
39238892
39240786
39258868
39318384
39318528
39327215
39327217
39327271
39333225
39391312
39391315
39391334
39446981
39490786
39510111
39510178
39520406
39520730
39520742
39520743
39520793
39520861
39577168
39577169
39577172
39577176
39585747
39585748
39585752
39585753
39585754
39585755
39585756
39585757
39585758
39585759
39585760
39585761
39585762
39585763
39585764
39585765
39585766
39585767
39585768
39585769
39585774
39585775
39585776
39585777
39585778
39585779
39585780
39589664
39589665
39589666
39589667
39589668
39589669
39589670
39589671
39589672
39589673
39589674
39589675
39589676
39589677
39589686
39589691
39653062
39653063
39653657
39653659
39660337
39662746
39662812
39662947
39662948
39662950
39683987
39683988
39683990
39683991
39683993
39683995
39683996
39683999
39684002
39684004
39684005
39684009
39684011
39684012
39684013
39684014
39684015
39684016
39684019
39684022
39684023
39685858
39685859
39685860
39685862
39685880
39685881
39685882
39685883
39685884
39685885
39685886
39685887
39685888
39685889
39685890
39685891
39685892
39685893
39685894
39685895
39685896
39685897
39685898
39685899
39685900
39685901
39685902
39685903
39685904
39685905
39685906
39685907
39685908
39685909
39685911
39685912
39685914
39685915
39685916
39685917
39685918
39685919
39685920
39685921
39685922
39685923
39685924
39685925
39685926
39685927
39685928
39685929
39685930
39685931
39685932
39685933
39685934
39723535
39726146
39740027
39740031
39740032
39740033
39740034
39740035
39740036
39740037
39740038
39740039
39740040
39740041
39740042
39740043
39740044
39740045
39740046
39740076
39740080
39740094
39741183
39741184
39741185
39741186
39741187
39741188
39741189
39741190
39741191
39741192
39741193
39741194
39741195
39741196
39741197
39741198
39755016
39771426
39787932
39803239
39803240
39803241
39803242
39803243
39803244
39803245
39803246
39803247
39803248
39803249
39803250
39803251
39803252
39803253
39803254
39803255
39803256
39803257
39803258
39803259
39803260
39803262
39803263
39803264
39803265
39803266
39803267
39803268
39803269
39803270
39803271
39839685
39839746
39839749
39839753
39839755
39839757
39839758
39839760
39839763
39839766
39839769
39839773
39839813
39839816
39839819
39839862
39839871
39839894
39839898
39839901
39839904
39839907
39839913
39839914
39839917
39839920
39839923
39839926
39839972
39839994
39839998
39840002
39840024
39840028
39840031
39840034
39840037
39840042
39840047
39840049
39840057
39840061
39840064
39840078
39840080
39840084
39840105
39840106
39840107
39840109
39840110
39840111
39840112
39840113
39840115
39840314
39840315
39885544
39885545
39885546
39903873
39927971
40006183
40060818
40060819
40061750
40108527
40111848
40113440
40113441
40123884
40123885
40123886
40123887
40123888
40123889
40123890
40123891
40123892
40123893
40123894
40123895
40123896
40123897
40123898
40140240
40152825
40154925
40172778
40172992
40173639
40180284
40180306
40187007
40203059
40212054
40228641
40228642
40247265
40247268
40247270
40251566
40274604
40274605
40283379
40317842
40317843
40317844
40317845
40317846
40317847
40317848
40317849
40317850
40317851
40317852
40317853
40317854
40317855
40317856
40317857
40317858
40317859
40317860
40317861
40317862
40317863
40323695
40323696
40323697
40323698
40323699
40323700
40323701
40323702
40323703
40323704
40323705
40323706
40323707
40323708
40323709
40323710
40323711
40323712
40323713
40323714
40323715
40323716
40323717
40323718
40323719
40323720
40323721
40330420
40377917
40381884
40381933
40395400
40415086
40422247
40422459
40422470
40504850
40539050
40556735
40574093
40574104
40574105
40574106
40574107
40574108
40574109
40574110
40574111
40600440
40636408
40661885
40661888
40661890
40661892
40661893
40661894
40661897
40661900
40661901
40661903
40661906
40661909
40661912
40661913
40661916
40661917
40661919
40661920
40661921
40661923
40661925
40663244
40688577
40720687
40721960
40778340
40820895
40822274
40830613
40924862
40956823
41026250
41114031
41114102
41114500
41160701
41160766
41160767
41166518
41166519
41166521
41166522
41166523
41166524
41203689
41238684
41281137
41293162
41309702
41309723
41309724
41309725
41366094
41366137
41366174
41366221
41366253
41366322
41366339
41366344
41366375
41366408
41366410
41366414
41366416
41366429
41366461
41366503
41366504
41366505
41400159
41400160
41400161
41400162
41400163
41400165
41400166
41400167
41402548
41428807
41428843
41428844
41428845
41428853
41428854
41428857
41428936
41428938
41432389
41432390
41433862
41433863
41433864
41472909
41525141
41525142
41525143
41525144
41525145
41525146
41525147
41536320
41553198
41583514
41601880
41601881
41601883
41601884
41601885
41601886
41601887
41601888
41601889
41601890
41601891
41601892
41601893
41601894
41601895
41601896
41601897
41601898
41601899
41601900
41601901
41601902
41601903
41601904
41601905
41601906
41601907
41601908
41643996
41648350
41648353
41648356
41648357
41651778
41689628
41689766
41689851
41689934
41689935
41699944
41763443
41763444
41763445
41763446
41763447
41763448
41763454
41763455
41763456
41763457
41763458
41763459
41763460
41763461
41763464
41763466
41763468
41763470
41763471
41763473
41763475
41763481
41763482
41763483
41763485
41763486
41792254
41792255
41792258
41792259
41792260
41792261
41792262
41792263
41792264
41792265
41792266
41792267
41792268
41792269
41800701
41800705
41800730
41800732
41800733
41800734
41800735
41817972
41817974
41817976
41817978
41828008
41828013
41828017
41858840
41881108
41900258
41900844
41900906
41905642
41905653
41905654
41906096
41909214
41913690
41913779
41913792
41913804
41917675
41970573
42103690
42104395
42105749
42109024
42109662
42109663
42109664
42110732
42117979
42118290
42124461
42124462
42124463
42124464
42124465
42124466
42124467
42124468
42124469
42124470
42124471
42124472
42124473
42124474
42124475
42124476
42124477
42124478
42124479
42166103
42166104
42166106
42166107
42166109
42166112
42166114
42166115
42166118
42166121
42166123
42166780
42196068
42196072
42196073
42196074
42196075
42196079
42196085
42196093
42196096
42196098
42196105
42196110
42204308
42204488
42204505
42206959
42207185
42207193
42207946
42208194
42208298
42208299
42208300
42240934
42240936
42240938
42240940
42240941
42240943
42240945
42338603
42341715
42351966
42352534
42436707
42437142
42437214
42464874
42466162
42475566
42475567
42475568
42475569
42475570
42475571
42475572
42475573
42475574
42475575
42475576
42475577
42475578
42478346
42506326
42506327
42509215
42515172
42515377
42515616
42519166
42519167
42519168
42519169
42519170
42519171
42519172
42519173
42519174
42519175
42519176
42519177
42519178
42519179
42519180
42519181
42519182
42519183
42519184
42519185
42519186
42519187
42519188
42519189
42519190
42519191
42519192
42519193
42519194
42519195
42519196
42519197
42519198
42519199
42519200
42519201
42519202
42519203
42519204
42519205
42519206
42519207
42519208
42519209
42519210
42519211
42519212
42519213
42519214
42519215
42519216
42519217
42519218
42519219
42519220
42519221
42519222
42519223
42519224
42519225
42519226
42519227
42519228
42519229
42519230
42541316
42566158
42566239
42566241
42566264
42566266
42566285
42566311
42566313
42566343
42566344
42566349
42566350
42566365
42566366
42566367
42566368
42566369
42582422
42598918
42633917
42709281
42709326
42709327
42769306
42794062
42794063
42794064
42806364
42806392
42806393
42806394
42806395
42811396
42811434
42811453
42841515
42855544
42872490
42881650
42885646
42888501
42888502
42888503
42888504
42920032
42920033
42920034
42920035
42920036
42920037
42920038
42920039
42920040
42920041
42920042
42920043
42920044
42920045
42920046
42920047
42920048
42920049
42920050
42920051
42920052
42920053
42920054
42920055
42920056
42920057
42920058
42920059
42920060
42920061
42920062
42920063
42920064
42920065
42920066
42920067
42920068
42920069
42920070
42920071
42920072
42932249
42941321
43031710
43059265
43081319
43081376
43081424
43081522
43082935
43085397
43085398
43087013
43106232
43106233
43106234
43106235
43106236
43106237
43106238
43106239
43106240
43106241
43106242
43106243
43106244
43106245
43106246
43106247
43106248
43106249
43106250
43106252
43106253
43106254
43106255
43106256
43106257
43106258
43106259
43106260
43106261
43106262
43106263
43106264
43106265
43106266
43106267
43106268
43134631
43176181
43180266
43201060
43203328
43227508
43227509
43227510
43254452
43267912
43268805
43269804
43273587
43281433
43281940
43324291
43338148
43391768
43408857
43408878
43408911
43473824
43473825
43473826
43473827
43473828
43473829
43473830
43473831
43473832
43473833
43473834
43473835
43473836
43473837
43473838
43473839
43473840
43473841
43473842
43483178
43529604
43529606
43529609
43529611
43529613
43529615
43529617
43529619
43529620
43529621
43529623
43529625
43529627
43529629
43529631
43529633
43529635
43529637
43529639
43529641
43529645
43559094
43622487
43632972
43650244
43658341
43662986
43686750
43687232
43687250
43687271
43687277
43687290
43687310
43688502
43689441
43704087
43711740
43711741
43711744
43711745
43711746
43711747
43711748
43711749
43711750
43711751
43711752
43711753
43711754
43737946
43748923
43769487
43812047
43812055
43851175
43855547
43872348
43872540
43872541
43872542
43872543
43872544
43890713
43890718
43894394
43911622
43911623
43911624
43911625
43911626
43911627
43911628
43911629
43911630
43911631
43911632
43911633
43911634
43911635
43911636
43911637
43911638
43911639
43911640
43911641
43911642
43911643
43911644
43911645
43911646
43911647
43911648
43911649
43911650
43911651
43911652
43911653
43911654
43911655
43911656
43911657
43911658
43911659
43911660
43911661
43911662
43911663
43911664
43911665
43911666
43911667
43911668
43911669
43911670
43911671
43911672
43911673
43911674
43911675
43911676
43911677
43911678
43911679
43911680
43911681
43911682
43911683
43911684
43911685
43911686
43911687
43911688
43911689
43911690
43911691
43911692
43911693
43911694
43911695
43911696
43911697
43911698
43911699
43911700
43911701
43911702
43911703
43911704
43911705
43911706
43911707
43911708
43911709
43911710
43911711
43911712
43911713
43911714
43911715
43911716
43911717
43911718
43911719
43911720
43911721
43911722
43911723
43911724
43911725
43911726
43911727
43911728
43911729
43911730
43911731
43911732
43911733
43911734
43911735
43911736
43911737
43911738
43911739
43911740
43911741
43911742
43911743
43911744
43911745
43911746
43911747
43911748
43911749
43928980
43931938
43957104
43957108
43957109
43957111
43957115
43957117
43957119
43957125
43957126
43957128
43957138
43957141
43957143
43957145
43957157
43957160
43957167
43957169
43957171
43957172
43957173
43957174
43957175
43957176
43957177
43957184
43957185
43957186
43957187
43957188
43957189
43957191
43957193
43957195
43957198
43957202
43957204
43957206
43957207
43957209
43957211
43957213
43957216
43957218
43979963
43979969
43979973
43979983
43980004
43980011
43980037
43980043
43980051
43980085
43980179
43980187
44012749
44019424
44057005
44057006
44057007
44057008
44057009
44057010
44057011
44057012
44057013
44057014
44057015
44057016
44057017
44057018
44057019
44057020
44057028
44057029
44057030
44057031
44065652
44128055
44128058
44128080
44128081
44165783
44165784
44165785
44165786
44165787
44165788
44165789
44165790
44165791
44165792
44165793
44165794
44165795
44165796
44165797
44165798
44165799
44165800
44165801
44165802
44165803
44165804
44165805
44165808
44171114
44171115
44171117
44171728
44171729
44171730
44171731
44171732
44171733
44171740
44171741
44171743
44171745
44208219
44208470
44208473
44210255
44210293
44210323
44210324
44210396
44210401
44240822
44240881
44240883
44240884
44240886
44241004
44241008
44241013
44309705
44348237
44429197
44475895
44475896
44475897
44475898
44475899
44475900
44475901
44475902
44475903
44475904
44475905
44475906
44475907
44475908
44475909
44475910
44475911
44475912
44475913
44475914
44475915
44475916
44475917
44475918
44475919
44475920
44475921
44475922
44524100
44535246
44539506
44542075
4459710
44607116
44607699
44611167
44611168
44611169
44617215
44617216
44617217
44617218
44617219
44617220
44617221
44617222
44617223
44617224
44617225
44617226
44617227
44617228
44617229
44617230
44617234
44617239
44617240
44617241
44617242
44617243
44651440
44651441
44651442
44651443
44651444
44651445
44651446
44651447
44651448
44651449
44651450
44651451
44651452
44651453
44651454
44651455
44651456
44651457
44684782
44714439
44768402
44853741
44853749
44877886
44943831
45009545
45009546
45009547
45009548
45009549
45009668
45017167
45017322
45030830
45030831
45030832
45030833
45030834
45030835
45030836
45030837
45030838
45030839
45030840
45030841
45030842
45030843
45030856
45030857
45030858
45030859
45030860
45030865
45030866
45030867
45030868
45030869
45030870
45030871
45030872
45030873
45030874
45030875
45030876
45030877
45030878
45109946
45136741
45136743
45136744
45136745
45182181
45212690
45212698
45212700
45212701
45212703
45224750
45229067
45229068
45229069
45229070
45229071
45229072
45229073
45229074
45229075
45229259
45253757
45254615
45258958
45258959
45258960
45258961
45258963
45258964
45258965
45259005
45259009
45259010
45259012
45259013
45273759
45284261
45307460
45314950
45314951
45314952
45314953
45314954
45314955
45314956
45314957
45314958
45314959
45314960
45314961
45314962
45314963
45314964
45314965
45314966
45314967
45314968
45344821
45344822
45344823
45344824
45344825
45352151
45353412
45373111
45373114
45376817
45376818
45376849
45376873
45376882
45376890
45376903
45376927
45376928
45376930
45376931
45376932
45376933
45376934
45376935
45376936
45376937
45376938
45376939
45376941
45376942
45377431
45379024
45388379
45391516
45413897
45427889
45446245
45452150
45474112
45474184
45492561
45492634
45514692
45514693
45514694
45514695
45514696
45514697
45514698
45514699
45514700
45514701
45514702
45514704
45514705
45514706
45514707
45514708
45527376
45536207
45573266
45573306
45573307
45593656
45642706
45684775
45684776
45684777
45684779
45684780
45684781
45684782
45684783
45684784
45684785
45684787
45684810
45721046
45732644
45732645
45732646
45732647
45732649
45732650
45732651
45732652
45732653
45732654
45732655
45732656
45732657
45732658
45732659
45732660
45732661
45732662
45732663
45732664
45732665
45732666
45732667
45732668
45732669
45732670
45732671
45732672
45732673
45732674
45732675
45732676
45741863
45741864
45741868
45752165
45752410
45752452
45752482
45764422
45767489
45768612
45803838
45803839
45803841
45803842
45808299
45811839
45850126
45850127
45850129
45850130
45850131
45866781
45916522
45945092
45945373
45945530
45945532
45945533
45945535
45945538
45945541
45945543
45945545
45945547
45945549
45945550
45950960
45950961
45952543
45968301
45972959
45982844
45982898
46015338
46015339
46015417
46015418
46015419
46015815
46015816
46015838
46015839
46015840
46016031
46016032
46016033
46020062
46046067
46047569
46047601
46047637
46106793
46106797
46106804
46106805
46129320
46129327
46129328
46129330
46129332
46129334
46129335
46129336
46129338
46129339
46129340
46129341
46129342
46137781
46149279
46149280
46201414
46201415
46201419
46201426
46201435
46201436
46201437
46201438
46201439
46201440
46201441
46201513
46201516
46201517
46215072
46216670
46217444
46221565
46221568
46251373
46274148
46286461
46286462
46286463
46286464
46286468
46289688
46289689
46289690
46289691
46322003
46328844
46328845
46328847
46328863
46328864
46328866
46328867
46328868
46394700
46397755
46397767
46402725
46429172
46436298
46439537
46439646
46453412
46481973
46542127
46556746
46584252
46584253
46584256
46585624
46605754
46611604
46611605
46611607
46611609
46611610
46611612
46611613
46611614
46611615
46611617
46611618
46611631
46611632
46611633
46611634
46611636
46611637
46611639
46611640
46611641
46611643
46611645
46611646
46611648
46611650
46611651
46611652
46611653
46611654
46611655
46611656
46611657
46611658
46611659
46611660
46611661
46611667
46611668
46611669
46611670
46611671
46611672
46611674
46611675
46611676
46611677
46611678
46611680
46611681
46611682
46611684
46611685
46611686
46611687
46611689
46611690
46611691
46611693
46611703
46613271
46613283
46615466
46615654
46615681
46615682
46615722
46627804
46627805
46627806
46636449
46636450
46636451
46636452
46636453
46636454
46636455
46636456
46636457
46636458
46636459
46636460
46636461
46636462
46636463
46636464
46636465
46636466
46636467
46636468
46636469
46636470
46636471
46636472
46636473
46636474
46636475
46636476
46636477
46636478
46636479
46636480
46636481
46636482
46636483
46636484
46636485
46636486
46636487
46636488
46636489
46636490
46644073
46644077
46644079
46644092
46644095
46644099
46644102
46644105
46644107
46644112
46644114
46644117
46644125
46644127
46644131
46654585
46654595
46654617
46654618
46654624
46654625
46659933
46670307
46700647
46700654
46700656
46700659
46700662
46700664
46700665
46700666
46700667
46700668
46700669
46700670
46700671
46700672
46700673
46700674
46700675
46700680
46700682
46700693
46700705
46700719
46700734
46700738
46700741
46700744
46700749
46700752
46730946
46745100
46754162
46766409
46766433
46827396
46827397
46827398
46827399
46827400
46827401
46827402
46827403
46827404
46827405
46827407
46848473
46870120
46874193
46874194
46877921
46917155
46932273
46932276
46932277
46932278
46932279
46932280
46932281
46932282
46932283
46932292
46932293
46932294
46932295
46932296
46932297
46932298
46932299
46932300
46932301
46932302
46932303
46932304
46932305
46932306
46932307
46932308
46932309
46932310
46932311
46932692
46939133
46940701
46945097
46945098
46977527
47004292
47004293
47004294
47004295
47010608
47010609
47010610
47010611
47010612
47010613
47010614
47010616
47010617
47010618
47010620
47010622
47010623
47010624
47010628
47010631
47010632
47010633
47010634
47010635
47010636
47010637
47010638
47010639
47017305
47017313
47039603
47049460
47157178
47172401
47200978
47200979
47200980
47200981
47200982
47200983
47200984
47200985
47200986
47200987
47200988
47200989
47200990
47200991
47200992
47200993
47200994
47200995
47200996
47200997
47201947
47203947
47203948
47203949
47203950
47203951
47203952
47203953
47203954
47203955
47203956
47203957
47203958
47203959
47203960
47203961
47239698
47250128
47252467
47252468
47252469
47286274
47300650
47300651
47300652
47300653
47300654
47300655
47300656
47300657
47300658
47300659
47308682
47310995
47312652
47330797
47330798
47330799
47330800
47330801
47330802
47330803
47330804
47330805
47330806
47330807
47330808
47330809
47330810
47330811
47330812
47330813
47330814
47330815
47340385
47391290
47391291
47391292
47421712
47437042
47479558
47483872
47515283
47523966
47551046
47551047
47551048
47551050
47551051
47551052
47551053
47551054
47551055
47551056
47551057
47551058
47551059
47551140
47551141
47568906
47568907
47568912
47568914
47568915
47568916
47609935
47620578
47620582
47652420
47672395
47672396
47672398
47672399
47672400
47672401
47672402
47672403
47672404
47672432
47672433
47672434
47672458
47672459
47672568
47712927
47712929
47712930
47712931
47712933
47712934
47712936
47712939
47712940
47712941
47712942
47712943
47712944
47712945
47712946
47712947
47712948
47712949
47712950
47712951
47712952
47712953
47712954
47742509
47742510
47742511
47742512
47742513
47742514
47742516
47742517
47742519
47742522
47742524
47742526
47742529
47742531
47742533
47742534
47742536
47742537
47742539
47742540
47742542
47742544
47742549
47742565
47742567
47742569
47742571
47754772
47759611
47764841
47765020
47788407
47816210
47836992
47836994
47836995
47892987
47950905
47954063
47954231
47954232
47993538
47993627
48000264
48000265
48000267
48000269
48000270
48034485
48103375
48103723
48124979
48128016
48195712
48195724
48195726
48195727
48195728
48195747
48195748
48195749
48195750
48195753
48198316
48198483
48198484
48242565
48242567
48242722
48242849
48242854
48242859
48242868
48242869
48247096
48247097
48247098
48247099
48247100
48247101
48247102
48247103
48247104
48247105
48247106
48247107
48247108
48269380
48270362
48366718
48386214
48404599
48404601
48404602
48404605
48404606
48404607
48404608
48404609
48404610
48479793
48493272
48495662
48495711
48495717
48510722
48515736
48515802
48515804
48515806
48515808
48515810
48515812
48515814
48515815
48515825
48515826
48515827
48515829
48515830
48515869
48515871
48554192
48637562
48637564
48637566
48637568
48637570
48637572
48637574
48637576
48637578
48637581
48637583
48637585
48637587
48637589
48637591
48637593
48637596
48637599
48637610
48637612
48637614
48637621
48637623
48637625
48654965
48671303
48671304
48671305
48671307
48671308
48671309
48671310
48671311
48671312
48671313
48671314
48671315
48687430
48698993
48699195
48700266
48751324
48751325
48751326
48751327
48751328
48751329
48751330
48751331
48751332
48751333
48806159
48821344
48828470
48828473
48828500
48828510
48828519
48828520
48828523
48828529
48828537
48828542
48828548
48828549
48828668
48851491
48851493
48866063
48866416
48900255
48903120
48918450
48918455
48918456
48918457
48918540
48918541
48918542
48918543
48918544
48918545
48928684
48945868
48946467
48946683
48946684
48946693
48946694
48946695
48946696
48946697
48946698
48946703
48946704
48946719
48974172
48988195
48988594
48988595
49035743
49037498
49037704
49061517
49061518
49061519
49061520
49061521
49061522
49061523
49061524
49061525
49061526
49061527
49061528
49061529
49061530
49061531
49061532
49061533
49061534
49061535
49061536
49061537
49061538
49061539
49061540
49061541
49077710
49077711
49077712
49077713
49077714
49077715
49077716
49077717
49077718
49077719
49077720
49077721
49077722
49077723
49077724
49077725
49077726
49077727
49079859
49079860
49079861
49079862
49079863
49079864
49079865
49079866
49079867
49079868
49079869
49079870
49079871
49079872
49079873
49079874
49079875
49079876
49079877
49079878
49079879
49079880
49079881
49079882
49079883
49079884
49079885
49079886
49079887
49084331
49084332
49084333
49084334
49084335
49084337
49084339
49084341
49084343
49084345
49084347
49084349
49084351
49084353
49084354
49084355
49084356
49084357
49084358
49084359
49084360
49084361
49084362
49084363
49084364
49084365
49084366
49084367
49084368
49084369
49084370
49084371
49088125
49089501
49169989
49170009
49198301
49247088
49247154
49248049
49270305
49374755
49402971
49706189
49719649
49719650
49719651
49719652
49719653
49719654
49719655
49719657
49719658
49719659
49719660
49719661
49719662
49719663
49719664
49719665
49719666
49719667
49719668
49719669
49719670
49719671
49719672
49719673
49769683
49782256
4978345
4978361
4978362
4978363
49786336
4978939
49797691
49797692
49797693
49797697
49797698
49797699
49797700
49797701
49797702
49797703
49797704
49797705
49797706
49797707
49797708
49797709
49797710
49797711
49797712
49797713
49797714
49797715
49797716
49797717
49797718
49797719
49797720
49797721
49797722
49797723
49797724
49797725
49797726
49797727
49797728
49797729
49797730
49797731
49797732
49797733
49797734
49797735
49797736
49797737
49797738
49797739
49797740
49797741
49797742
49797743
49797745
49797766
4980029
4982209
49826203
49826204
49826206
49826207
4983155
4983156
4984682
4984683
49880213
49880214
49880215
49880216
49880217
49880218
49880219
49880220
49880221
49880222
49880223
49880224
49880225
49880226
49880227
49880228
49880229
49880230
49880231
49880232
49880233
49880234
49880235
49880236
49880237
49880238
49880239
49880240
49880241
49880242
49880243
49880244
49880245
4989858
4989859
4989860
4989861
4989862
4990159
4990960
4990961
4991139
4991140
49920929
49926617
4993301
4993302
4993382
49934123
49934612
49935046
49943044
49944604
49944972
49945050
49945051
4995140
4995151
4995270
4995284
4995292
4995323
4995324
4995325
4995358
4995494
4995498
4995610
49956254
49956259
49956260
49956261
49956262
49956263
49956266
49966647
49967621
49967622
49967623
49967624
49967625
49967626
49967627
49967628
49967629
49969108
4998498
5002670
50027674
50027675
50038436
50063253
50063254
50063255
50065954
50065956
50065957
50065958
50065959
50065962
50066056
50066057
50066058
50066059
50066060
50066061
50066086
50066087
5007372
5007373
5007374
5007375
5007379
5007450
50076245
50076293
50076321
5011574
5011575
50139404
50143443
50148406
50148407
50148408
50148409
50148410
50148411
50148412
50148413
50148414
50148415
50148416
50171773
50173063
50196119
50209265
50249162
50257453
50257454
50277472
50280674
50321018
50328004
50352127
50352129
50352292
50370809
50371408
50371715
50371752
50371914
50371915
50371916
50371918
50371919
50371920
50371922
50371923
50371924
50371925
50371926
50371927
50371928
50371929
50371930
50371931
50371932
50371933
50371934
50371935
50371936
50371938
50372305
50372308
50372385
50372480
50372497
50372682
50372683
50372684
50372685
50372686
50372687
50372688
50372889
50372890
50372891
50372892
50372893
50372894
50372895
50372897
50373005
50373069
50383595
50383596
50383597
50383598
50383599
50383600
50383601
50383602
50383603
50383604
50383605
50383606
50383607
50383608
50383609
50383610
50383611
50383612
50383613
50383614
50383615
50383616
50383617
50383618
50383619
50383620
50391172
5045626
5045627
5045628
5045631
5045636
5045652
50461939
50477287
50491728
50491729
50491730
50491731
50491732
50491733
50491734
50491735
50574244
50577061
50591291
50591292
50591294
50591296
50591297
50591298
50591302
50591303
50591304
50599562
50617741
50664263
50666936
50686234
50686236
50686237
50686238
50686241
50686242
50686243
50686244
50686245
50686246
50686247
50699116
50699117
50699118
50699119
50699120
50699121
50699122
50699123
50699124
50699125
50699126
50699127
50699128
50699129
50699130
50699131
50699132
50699133
50699134
50699135
50699136
50699137
50699138
50699139
50699140
50699141
50704368
50704374
50704378
50704379
50704380
50704387
50729898
50741167
50741168
50746242
50778377
50791573
5083227
5083228
5083229
5083231
50843133
5085020
5085021
5085025
5085028
50866334
50870508
50870525
50903849
50903851
50903852
50903853
50903858
50904152
50904153
50904154
50904155
50904156
50904162
50904163
50904164
50904165
50904166
50904167
50904168
50904169
50904183
50904184
50904185
50904186
50904187
50904241
50904242
50904243
50904244
50904426
50904427
50904429
50904430
50904432
50904433
50904434
50904435
50904436
50917749
50926732
50926735
50926736
50926737
50926738
5095137
5095139
50976720
50987249
51033998
51034261
51042154
51048487
51048488
51048489
51048490
51048491
51057344
51070828
5108780
5108781
5108782
5108783
51111246
51117007
51117008
51117009
51117010
51156412
51162766
51177645
51203174
51228356
51232491
51243138
51340711
51340787
51340810
51348044
51349823
51349890
51349937
51349996
51350147
51350171
51350207
51351360
51351446
51352119
51352370
51352632
51365606
51375722
51378101
51378304
51378305
51378306
51378307
51378308
51378309
51378310
51378311
51378312
51378313
51378314
51378315
51378316
51378317
51378318
51378319
51378320
51378321
51378322
51378323
51378324
51378325
51378326
51378327
51378328
51378329
51378330
51378331
51378332
51378333
51378334
51378335
51378336
51378337
51378338
51378339
51378340
51378341
51378342
51378343
51378344
51378345
51378346
51378347
51393586
51402796
51409586
51409587
51409588
51409589
51409590
51409591
51409592
51409593
51409594
51411856
51450354
51462164
51462165
51462166
51462167
51462168
51462169
51462170
51462171
51462172
51462173
51462175
51462177
51462178
51462179
51462180
51471361
51471362
51471366
51471367
51471382
51471383
51471384
51471385
51471386
51471387
51471403
51471404
51471405
51471406
51471407
51471456
51471457
51471458
51471459
51471477
51492350
51560075
51560076
51560077
51560078
51560079
51560080
51560081
51560082
51560083
51560084
51560085
51560086
51560087
51560088
51560089
51560090
51560091
51570059
51570062
51573202
51590944
51590945
51590946
51603761
51627830
51633701
51633702
51633703
51653341
51685012
51685013
51685014
51685015
51685016
51685017
51685018
51685019
51685020
51685021
51685022
51685023
51685024
51685025
51685026
51685027
51685028
51685029
51685030
51685031
51685032
51685033
51685034
51685035
51685036
51685037
51685038
51694988
51694993
51694994
51694995
51694996
51695941
51695943
51695957
5171035
51755552
51777551
51777552
51777553
51777554
51777682
51777683
51777684
51794849
51807529
51813371
51813372
51813373
51813374
51813375
51813376
51815682
51815685
51815690
51815693
51815696
51815699
51815702
51815705
51815708
51883544
51888240
51888250
51888356
51888357
51896135
51896259
51896262
51896263
51896264
51896266
51896267
51896268
51896269
51896270
51896271
51896272
51896273
51896274
51896596
51896623
51910811
51910820
51910821
51920433
51939652
51941017
51941019
51989507
52036848
52036849
52036880
52036888
52067303
52071556
52081510
52081511
52081512
52081513
52081514
52081515
52081516
52081517
52081518
52081519
52081520
52088897
52088898
52088920
52123929
52123930
52183198
52187503
52187506
52187545
52187548
52187550
52238692
52294494
52307618
52351399
52374190
52424054
52424055
52424056
52424057
52424230
52424379
52424410
52424609
52472370
52473752
52488703
52495104
52495105
52495243
52497482
52539042
52539238
52539320
52539324
52539389
52539955
52539963
52542789
52543558
52544115
52553168
52553191
5255518
52563055
52593821
52599329
52599330
52599331
52599332
52599333
52599334
52599335
52599336
52599337
52599338
52599339
52599340
52599341
52599342
52599343
52599344
52599345
52599346
52599347
52599348
52599349
52599350
52599351
52599352
52599353
52599354
52599355
52599356
52599357
52599358
5260574
5261097
5261185
5261326
5261348
5261353
5261354
52614642
52617298
52634790
52635115
52635123
52635205
52635209
52635268
52635360
52635362
52635364
52647667
52648129
52649665
52649666
52649668
52649670
52649672
52649674
52649676
52649677
52649678
52649679
52649683
52649688
52649693
52649724
52649726
52649729
52649733
52649737
52649741
52649745
52649786
52662600
5269269
52695537
5269839
5269840
5269841
5269842
5269843
5269844
5269845
5269846
5269848
5269849
5269857
52715127
52715156
52715158
52715160
52726246
52726247
52733979
52734125
52734265
52734302
52734507
52734703
52735055
52735193
52735307
52746921
52749649
52750702
52750747
52756951
52768959
52782300
52782301
52782302
52790366
52792705
5281049
52811962
52812415
52830140
52830142
52830484
5284761
5284762
5284763
5284764
5284765
52849963
52849975
52859809
52859824
5288164
52907153
52907154
52907155
52907156
52907157
52907159
52907160
52907161
52907162
52907163
52919285
52919286
52919287
52919288
52919289
52919290
52919291
52919292
52919293
52919294
52919295
52919296
52954976
52954978
52954979
52954981
52954983
52954985
52954987
52954989
52954991
52954993
52954995
52954997
52954999
52955001
52955003
52955005
52955007
52955009
52955011
52955013
52955015
52955017
52969475
52988675
52988676
53013126
53013128
53013130
53013132
53013134
53013136
53013138
53013139
53013140
53013141
53013142
53013146
53013147
53013148
53013149
53013150
53013151
53013152
53013153
53013154
53013155
53013157
53013158
53013159
53013161
53013162
53013163
53013164
53013165
53013166
53013167
53013168
53013169
53013170
53013171
53013172
53013173
53013174
53013175
53013176
53013177
53013178
53013179
53013180
53013181
53013182
53013215
53013221
53013223
53013224
53013262
53013263
53013276
53013277
53013278
53013279
53013286
53013313
53013322
53013330
53013331
53013332
53013337
53041090
53052162
53102776
53102777
53102778
53102779
53102780
53102781
53102794
53102807
53102814
53152545
53181464
53192135
53192136
53213400
53223158
53246316
53291578
53291579
53317754
53335743
53351234
53354705
53361599
53390145
53409006
53409025
53409026
53448943
53448945
53458439
53458440
53458441
53518773
53518775
53518777
53518779
53518781
53518784
53518786
53518788
53518790
53518796
53518798
53518800
53518802
53518804
53525246
53525247
53525249
53525250
53525251
53525252
53525253
53525262
53525264
53525332
53525334
53525336
53558851
53558852
53558853
53558854
53558855
53558856
53558857
53558858
53558859
53558860
53558861
53558862
53558863
53558864
53558865
53558866
53558867
53558868
53558869
53558870
53558871
53558872
53558873
53558874
53558875
53558876
53558877
53558878
53558879
53558880
53558881
53558882
53558883
53558884
53558885
53558886
53558887
53558888
53558889
53558890
53569265
53569266
53569267
53573185
53575146
53581094
53581095
53581096
53581098
53581100
53581104
53588652
53588653
53603943
53603944
53603946
53603947
53603951
53603952
53603953
53604135
53604136
53604137
53604138
53604139
53604140
53604141
53604142
53604143
53604144
53604145
53604146
53604148
53604149
53604150
53604151
53604152
53604153
53604154
53604155
53604156
53604157
53604158
53604159
53604160
53604161
53604162
53604163
53604164
53604165
53649371
53653517
53654828
53691769
53693846
53696057
53741356
53754074
53782133
53785482
53807030
53807046
53841889
53851552
53864112
53865403
53865404
53865406
53865465
53865535
53865707
53865800
53868503
53891231
53891232
53891234
53908830
53922608
53936572
53936573
53940700
53959409
53972109
53972188
53983744
53997375
53997380
54001713
54004179
54004184
54012787
54012791
54021341
54021342
54021343
54021344
54047919
54047921
54047925
54047927
54047929
54047931
54047933
54047935
54047937
54047939
54047941
54047945
54047946
54047958
54065617
54076311
54105311
54105312
54105313
54105314
54105315
54105316
54105317
54105318
54105319
54105331
54105332
54105333
54105334
54105335
54105336
54105337
54105338
54105339
54105340
54105341
54105342
54105343
54105344
54105345
54105346
54105347
54105348
54105349
54105350
54105351
54105352
54105353
54105354
54159316
54165258
54165277
54165278
54165279
54186560
54186561
54186562
54186563
54186564
54186565
54186596
54186597
54186598
54186599
54186600
54186603
54186604
54186605
54186606
54186607
54186608
54186609
54186610
54186611
54186612
54186614
54186615
54186616
54186617
54186618
54186619
54186620
54186621
54186622
54186623
54186624
54186625
54186626
54186902
54186903
54186904
54186905
54186906
54186941
54200204
54205958
54228019
54248080
54258672
54258979
54261134
54298915
54327385
54327403
54335317
54375911
54378302
54391823
54407128
54407182
54407183
54407184
54407198
54407207
54407216
54407225
54438560
54438561
54438567
54438568
54438574
54438575
54438577
54438580
54438583
54438588
54438589
54438593
54438596
54438598
54438601
54438606
54438608
54438609
54438611
54438613
54438617
54438619
54438621
54438623
54438628
54438629
54438634
54438635
54438637
54438640
54438641
54438643
54438647
54438651
54438672
54438686
54438688
54461286
54463992
54485396
54485401
54493364
54507912
54507915
54507917
54507919
54507920
54507922
54507924
54507926
54507928
54507930
54507932
54507934
54507935
54507938
54507940
54507942
54507944
54507946
54507948
54507950
54507952
54507954
54507956
54507958
54511500
54526014
54591275
54591277
54591279
54601099
54604603
54620400
54620401
54620402
54620403
54620404
54620405
54620481
54620492
54620493
54620494
54620495
54620513
54620516
54639873
54639915
54649840
54649841
54649842
54649843
54649844
54651606
54651631
54651651
54743131
54779297
54781826
54791748
54807384
54825699
54861678
54863109
54863113
54865830
54865831
54865832
54865833
54865834
54865835
54865836
54865837
54865838
54865839
54865840
54865841
54865842
54865844
54865845
54865846
54866449
54867688
54867752
54899844
54914637
54928273
54928287
54972661
54975751
55002386
55031895
55043283
55075169
55075205
55076135
55080662
55081107
55082353
55082354
55135071
55135073
55135081
55135083
55174610
55189988
55189989
55204797
55216734
55216740
55230789
55232054
55246855
55249607
55249608
55255760
55267657
55281108
55281109
55281110
55281111
55281112
55281113
55281114
55281115
55281116
55281117
55281118
55281119
55281120
55281121
55281122
55281123
55281124
55281125
55281126
55285231
55295593
55295622
55295749
55295888
55295971
55310475
55310476
55342791
55361362
55361544
55361604
55440746
55440839
55452211
55510122
55534326
55534327
55534329
55534331
55534333
55534335
55534337
55534338
55534339
55534341
55534344
55534346
55534348
55534350
55534352
55534356
55534358
55534363
55534365
55534556
55534558
55534559
55534560
55534561
55534562
55534563
55534564
55534565
55534566
55534567
55534568
55534569
55534570
55534571
55534572
55534573
55534574
55534576
55534599
55534600
55534604
55534643
55534644
55534645
55555714
55555715
55555792
55555817
55558971
55558972
55559079
55559085
55559442
55610411
55622206
55666082
55666083
55758046
55776096
55780714
55783907
55784023
55785088
55786711
55786713
55786720
55824747
55824799
55826610
55834422
55834476
55834520
55834554
55834575
55836968
55837370
55843883
55843884
55920341
55929033
55936458
55936512
55949831
55957314
55957316
55957323
56027404
56027405
56027407
56027409
56027534
56027537
56027540
56043778
56043792
56043840
56043891
56043979
56044170
56044171
56044172
56044173
56044174
56044175
56044176
56044177
56044178
56044338
56044362
56044363
56051872
56064048
56066971
56066975
56066979
56089214
56089504
56100868
56100869
56100870
56100871
56100872
56100873
56100874
56100875
56100876
56118611
56133171
56153370
56162853
56179837
56179952
56179953
56179958
56198487
56198488
56198489
56198490
56198491
56199503
56199504
56199505
56199560
56199565
56199757
56212592
760078
7788195
8543085
8543086
8543604
8543606
8543607
8543632
8543935
8544033
8545138
8546574
8547013
8547019
8548271
8548272
8548273
8548274
8548275
8548277
8548279
8548280
8549323
8549347
8568761
8570345
8574433
8606414
8606417
8606418
8606433
8740548
8740576
8744416
8744417
8744419
8744425
8791595
8792416
8792597
8792631
8801894
8806480
8812043
8871859
8884499
8886854
8887460
8894169
8894170
8894171
8894172
8894173
8894193
8894247
8899119
8899174
8959861
8959862
8959865
8959867
8968088
8994009
9002796
9002797
9002798
9002799
9002802
9002803
9002804
9002805
9007777
9007799
9007822
9007823
9007834
9007836
9007893
9008069
9008204
9008880
9020520
9020521
9043271
9051306
9157926
9199201
9208364
9234183
9234225
9250660
9250661
9250662
9250663
9250664
9250665
9250666
9250667
9250668
9250669
9250670
9250671
9250672
9250673
9250674
9250675
9250676
9250677
9250678
9250690
9250691
9250693
9250696
9250731
9250745
9250746
9294169
9294472
9295394
9295395
9295396
9295397
9295398
9295399
9295400
9297053
9297057
9297648
9301543
9301545
9301546
9301547
9301548
9301549
9301550
9301552
9302192
9302591
9302635
9302819
9303082
9303083
9303084
9303085
9303086
9303087
9303088
9303089
9303429
9303434
9306325
9306327
9306648
9307369
9307414
9309569
9310795
9310796
9310797
9310798
9311301
9313660
9314631
9316140
9316158
9316172
9316942
9317305
9317371
9319631
9319632
9319633
9319634
9319636
9321841
9330674
9330740
9332457
9336321
9336322
9336323
9336324
9336328
9336458
9336542
9336953
9338336
9338460
9340308
9340311
9342004
9342239
9345552
9346670
9375072
9375545
9375570
9395153
9395281
9395289
9395296
9395349
9395579
9396069
9407248
9417303
9436272
9436353
9439011
9442756
9442792
9450966
9505259
9505354
9505537
9505675
9505802
9505805
9506644
9508065
9510297
9510316
9510337
9510340
9510508
9513250
9513530
9513904
9513905
9513906
9513907
9515407
9519895
9522071
9522088
9530236
9530237
9530238
9531478
9531506
9532850
9533109
9533118
9533440
9533441
9533442
9535663
9535664
9535665
9535666
9535667
9535668
9535669
9536952
9536953
9536954
9536955
9536956
9536957
9537084
9537085
9537086
9537635
9537666
9537840
9537855
9537970
9538002
9543331
9543334
9544637
9544644
9545200
9545211
9547254
9547257
9549068
9549070
9574350
9574351
9574352
9574357
9574362
9574371
9574372
9574373
9574374
9574376
9574415
9577947
9577948
9577949
9580192
9580193
9580194
9580199
9591306
9591359
9595093
9595145
9595199
9597007
9597171
9597661
9597984
9600526
9601516
9607819
9609419
9610059
9610060
9610061
9610062
9610063
9618731
9618733
9618744
9633479
9633480
9633482
9642298
9642299
9642300
9653692
9653705
9653715
9653740
9657189
9661642
9662170
9662174
9667341
9667353
9667555
9671634
9676191
9677581
9687443
9693461
9712242
9713838
9715208
9722095
9745164
9779843
9784769
9785001
9785011
9785017
9785420
9800636
9806300
9809870
9811849
9820016
9824468
9864589
9867472
9867473
9867661
9868373
9869023
9870799
9870800
9870801
9870802
9870803
9871202
9876826
9879380
9879382
9879385
9879412
9879521
9879536
9879537
9879546
9879556
9879566
9879617
9879868
9879897
9879909
9880199
9880621
9889380
9889749
9890039
9890682
9894156
9894543
9897777
9899391
9901536
9903360
9903376
9903422
9903439
9932599
9933470
9937467
9937951
9937954
9940604
9941058
9941059
9942611
9943081
9946085
9952779
9954860
9954881
9954884
9954885
9955061
9955106
9955194
9955458
9958770
9958793
9970575
9970576
9989813
9989843
9989864
9995170
