10028516
10032072
10038527
10045705
10046260
10049091
10049092
10049148
10051890
10051891
10056680
10056681
10056682
10057914
10059783
10067102
10067103
10102550
10102551
10102719
10109730
10109731
10109732
10109733
10109734
10109735
10109736
10109938
10109939
10109940
10109941
10109942
10109943
10115131
10129473
10129594
10129717
10129718
10129733
10131708
10131709
10131752
10131753
10131754
10131755
10131756
10131915
10131917
10131922
10132134
10132140
10132262
10132893
10135521
10140229
10210541
10210660
10210680
10210782
10210789
10213556
10213584
10223698
10223699
10223766
10223767
10238915
10273626
10273627
10273628
10273629
10273630
10273631
10273632
10273633
10273634
10273635
10278004
10278054
10280360
10282613
10282614
10303254
10304589
10304590
10306617
10306618
10306769
10312726
10312727
10312732
10312733
10318555
10340503
10380517
10382778
10382779
10417533
10417670
10424607
10424786
10424787
10425108
10431175
10431180
10431537
10431550
10431552
10451064
10451065
10452868
10454804
10454825
10455199
10455544
10456792
10456822
10457379
10457834
10457933
10458049
10488668
10488669
10492104
10497557
10497558
10517932
10519462
10519777
10519795
10519810
10520164
10520165
10520603
10520604
10521119
10521120
10521124
10521125
10521126
10521128
10521129
10521130
10521131
10521132
10522970
10523128
10523435
10523446
10523759
10523760
10523926
10523981
10523993
10523994
10524010
10524014
10524029
10524036
10524037
10524050
10524051
10524065
10529654
10529784
10530019
10533837
10535558
10535664
10535670
10535735
10535789
10535790
10535792
10538213
10554482
11034203
11034204
11034205
11034206
11034207
11034208
11034209
11034210
11034211
11034212
11034213
11054340
11054341
11054363
11054364
11054365
11076076
11080728
11080730
11088344
11088345
11088346
11088347
11088348
11088349
11088350
11088351
11088352
11088353
11088354
11109688
11116719
11116720
11116723
11159760
11159761
11159762
11159763
11159764
11159765
11159766
11159767
11159768
11164984
11225276
11225278
11225281
11225282
11225283
11258819
11258820
11282054
11282055
11282056
11282057
11282058
11282059
11282060
11282061
11282062
11282063
11282064
11282065
11282066
11282067
11282068
11282069
11285770
11285771
11285772
11285773
11285774
11285775
11285776
11285777
11285778
11285779
11285780
11285781
11332993
11372729
11378227
11378228
11378360
11378361
11378407
11378408
11379912
11379913
11389616
11389617
11608920
11638829
11644275
11644373
11644390
11645760
11646770
11649632
11653454
11767454
11767455
1177035
11771797
11771798
11782002
11782003
11786758
11786759
1179616
1181775
1182953
1183400
11834696
1184019
11869679
11869813
11877711
11877712
11961705
11961710
11962012
11963479
11963484
11963485
11963495
11963500
11963504
11963531
11963663
11963669
11964850
11966379
1199256
1199512
1199527
1200452
1200455
1200461
1200462
1200612
12105514
12105516
12105517
12105519
12105734
1229114
1229200
1229201
12318566
12318567
12318568
12318569
12318570
12318571
12318572
12318573
12318579
1233486
1233637
1233638
12360883
12361851
12371338
12372496
12378982
1238725
12404606
12404607
12404609
12404624
12404626
12404627
12404629
12404642
12432267
12432757
12432792
12432793
12456088
12456089
12465514
12465515
12468806
1248831
1248929
1248932
1251306
1287236
12875545
12875569
12875570
12875582
12875583
12875584
12875585
1287827
1300298
1300346
1310211
1310245
1314357
13198365
13198366
13198367
13252505
13252531
13335436
13335437
13335438
13335440
13464338
13464406
13464435
13466402
13469408
13476411
13477662
13480161
13480727
13480889
13558750
13558751
13558780
13558781
13559750
13559751
13562831
13567072
13567073
13653429
13653430
13653434
13653435
13653436
13653437
13666
13687005
13687006
13732138
13733943
13736929
13766512
13766548
13766549
13766576
13766577
13767604
13770363
13777617
13777693
13779724
13780907
13780908
13781129
13987779
13998009
13999651
13999696
14000949
14001189
14004563
14004566
14004567
14008303
14008306
14008307
14010795
14010796
14084080
14084081
14086013
14091819
14091820
14098983
14172487
14172488
14172614
14172617
14172619
14172625
14172626
14172630
14172631
14234047
14234048
14234049
14294448
14294449
14294450
14294451
14303463
14303465
14303470
14303882
14305232
14305233
14305236
14305237
14394327
14466375
14468411
14477782
14477950
14479355
14479629
14480935
14559464
14572716
14576874
14576875
1460183
14606789
14606790
14606791
14606893
14606894
14606895
14608508
14608510
14608519
14644624
14644625
14644626
14644675
14645856
14646077
14646078
14654594
14746027
14771746
14771747
14771765
14772809
14772813
14783508
14783538
14818132
14818134
14818234
14818313
14818320
14819896
14819897
14819898
14819899
14822653
14828973
14828974
14828975
14831366
14837101
14837102
1494039
15009659
15009881
1512012
15124301
15125469
15132979
15132989
15132990
15133195
15134835
15134864
15135163
15135172
15135174
15135664
15136833
15224273
15264383
15264706
15266302
15266303
15268135
15268139
15270608
15270610
15270628
15270629
15274720
15274722
15274724
15274725
1528533
1529785
1529786
1529787
1529788
1529789
1529950
1529951
1529952
1529953
1529966
1529967
1529968
1529969
15305100
15390414
1542210
15556944
15562787
15562788
1557333
1559472
15628680
15669816
15669818
15669819
15669821
15669824
15669825
15669830
15669831
15669833
1570222
1570230
1570231
1573094
1574487
15798787
15798850
15798853
15806
15807277
15807278
15841619
15841653
15849603
15849604
15849612
15849613
15867520
15867521
15877759
15877761
15883003
15883005
15883006
15883007
15921111
15921112
15921113
15921114
15921194
15921196
15921197
15921204
15921208
15921209
15998683
16132322
16132323
16132324
16212296
16224366
16224368
16266617
1639551
1640209
1642323
16473219
16473220
16473221
16473222
16473992
1654130
16554503
16554519
16554522
16554524
16554537
16554572
16554590
16554591
16554935
16554936
16554938
16559440
16559442
16560910
16560911
16561137
16561139
16564014
16564037
16564044
16564049
16565885
16569105
16569106
16569107
16595679
16596133
16596135
1663469
1667225
1668646
16919834
16950034
17112832
17249168
17249233
17255208
17255211
17256656
17258098
17258099
17258101
17258104
17258105
1727515
17296068
17331210
17333800
17336303
17336744
17338684
17338694
17338702
17340879
17348936
17360493
17374491
17374492
17374494
17375021
17375022
17376347
17376348
17379506
17379507
17379802
17379803
17381572
17381575
17381576
17381580
17381583
17381584
17381585
17381589
17381594
17381603
17381614
17381734
17381735
17383132
17383135
17383438
17383467
17383468
17385311
17385312
17389771
17423174
17423192
17425334
17426646
17428235
1749164
1749165
1749166
17498377
17498378
17498380
17498381
17498383
17498384
17498386
17498387
17498388
17499218
17596352
17596353
17596354
17596355
17719520
17719521
17719522
17719680
17719681
17719684
17719687
17721713
17721730
17721844
17721862
17751853
17791415
17791416
17838714
17877353
17877356
17877358
17877380
17877383
17877384
17877385
17877388
17971997
1797209
18004248
18004250
18004251
18004252
18004254
18004552
18189148
18190038
1822140
18319477
1833329
18393852
18393865
18393872
18440583
18440584
18477731
18477859
18480076
18480095
18482400
18484995
18575975
18692165
18692166
18784090
18784091
18784092
18866084
18866087
18866088
18866089
18876013
18876014
18946318
19069442
19079932
19112335
19118423
19186032
19187969
19202012
19226349
19226350
19226351
19226352
19233770
19233771
19233772
19233774
19233776
19233777
19237008
19237009
19237010
19237044
19237045
19237046
19237048
19237124
19237126
19239043
19239044
19239045
19239046
19242516
19242517
19242519
19242597
19411325
19411326
19411327
19440316
19440320
19440321
19440322
19440323
19440324
19440337
19440341
19440344
19440345
19440347
19440348
19440349
19440351
19440352
19440353
19440354
19440355
19440356
19443050
19455299
19455526
19455541
19455542
19458128
19458137
19458181
19458182
19459154
19542261
19588912
19588913
19588914
19588917
19588921
19588932
19600696
19600703
19600705
19600706
19600707
19600710
19600728
19600729
19674353
19674354
19683164
19683165
19685300
19686991
19686998
19687074
19687075
19726394
19726395
19726396
19726397
19726398
19726399
19729431
1988248
19926413
19926414
19926415
19926416
19926417
19926418
20347321
20347510
20350478
20350486
20350525
20352668
20390609
20394410
20420992
20420994
20941504
20941506
21030989
21104185
21113010
21430974
21594940
21596361
21596362
21600300
21600301
21600302
21600568
21600569
21600570
21600571
21600572
21603412
21603650
21626259
21627356
21628656
21628657
21670057
21670071
21670072
21758099
21758100
21765139
21765286
21765291
21765379
21765382
21765383
21765384
21765385
21765386
21765387
21789694
21789879
21791439
21852846
21853827
21854270
22491073
22491074
22491077
22491079
22491080
22491087
22491089
22491112
22491225
22491226
22491227
22491228
22491229
22491230
22491231
22491232
22491233
22491234
22491235
22491236
22491244
22491246
22492688
22492723
22492729
22492754
22495088
22495089
22495090
22495091
22495093
22495094
22498196
22498197
22500182
22500183
22505437
22505438
22505655
22505658
22624018
22624019
22751521
22751523
23047995
23137570
23143305
23143306
23143307
23143308
23143309
2342741
23482423
23839367
2391747
2391829
2391830
2392711
2392718
2392719
2392720
2404644
2404655
2404656
2404827
2404980
2404981
2404982
2405101
2405284
2405431
2406745
2406746
2406747
2406749
2407722
2407766
2417683
2418802
2419656
2419787
2421267
25332437
25926063
25926064
25981176
25981177
25981178
25981179
25981180
25981181
25981182
25981183
25981184
25981185
25981186
25981187
25981188
25981189
25981190
25981191
25981818
25981819
25981820
25981821
25981822
25981823
25981824
25981827
25981828
25993040
25993041
25993042
25993043
25993044
26014702
26014706
26014707
26014708
26014709
26014710
26014712
26014713
26014715
26021439
26021440
26021441
26021442
26021443
26022485
26022486
26022487
26022488
26022489
26022490
26022491
26022492
26032902
26032903
26032904
26032905
26032906
26032907
26037865
26037866
26037867
26037868
26037869
26037870
26037871
26037872
26037873
26037874
26037875
26037876
26037877
26037878
26037879
26050947
26050948
26054107
26054108
26054109
26054110
26054111
26054112
26054113
26054114
26054115
26054116
26054117
26054118
26054119
26054120
26054121
26054122
26054123
26054124
26054125
26054126
26054127
26054129
26054130
26544894
26575856
26610601
26623213
26627528
26627733
26628062
26628063
2677608
2677772
2678618
2678623
2679549
2679550
26810957
26812549
2686036
2686120
2686264
2687798
2687998
2688168
2688169
2688170
2688197
2688224
2688225
2688226
2688227
2688228
2688231
2700696
2700900
2701071
2701072
2702856
2702858
2702871
2702872
2702873
2702874
2702875
2702876
2702877
2703373
2727295
27768865
27940810
27940811
27940812
27940813
27940814
27940815
27940816
27940817
27940818
27940819
27940820
27940821
27940822
27940823
27940825
27940826
27940827
27940828
27940829
27940830
27940831
27940832
27940833
27940834
27940835
27940836
27940837
27940838
27940839
27940840
27940841
27940842
27940843
27940846
27940847
27940848
27940849
27940850
27979056
27979057
27979058
27979059
27979060
27979061
27979062
27979063
28144286
28157565
28157566
28157567
28157568
28157569
28179819
28179823
28221048
28221049
28221050
28228333
28229494
28229499
28229500
28229501
28229502
28229503
28229504
28229508
28229509
28229511
28229512
28229513
28229514
28229515
28239049
28239050
28239051
28239052
28239053
28239054
28239055
28239056
28239057
28239058
28239065
28239066
28239067
28239068
28239069
28240459
28248583
28248588
28248589
28326672
28326673
28417048
28554231
28554232
28554233
28554234
28554235
28554236
28554237
28554238
28554239
28554240
28554241
28554242
28580400
28584525
28584526
28584527
28584528
28584529
28584530
28584531
28584532
28584533
28584534
28584535
28584536
28584537
28584538
28629017
28629018
28661526
28662522
28662523
28662524
28677601
28677602
28677603
2868172
2870168
2870182
2870184
2870185
28819827
28819828
28819829
28819830
28858914
28858915
28858916
28858917
28872143
28872150
28926804
28926805
28926806
28926807
28926808
28926809
28926810
28926812
28926813
28926814
28926815
28926816
28927738
2895898
28960394
28960395
28960396
28960397
28960398
28960399
2896948
2896956
29005981
29030458
29030459
29030460
29030461
29030462
29030463
29030701
29030702
29030703
29089383
29089384
29089385
29089386
29089388
29096855
29096856
29096857
29096865
29096866
29096867
29096869
29096870
29096871
29096873
29096874
29096875
29096876
29096877
29096879
29096880
29096881
29096882
29096883
29096884
29096885
29178636
29180164
29180165
29180166
29180167
29180168
29180169
29180170
29180171
29180172
29180173
29180174
29180175
29180176
29180177
2920755
29221561
29221562
29221564
29237822
29237823
29237824
29240244
2935989
2941088
2942096
2943320
2944313
29496546
29496547
29496548
29496549
29496550
29496551
29496552
29496553
29496554
29496555
29496556
29535122
29535124
29535130
29535136
29575907
29616128
29616129
29753810
29753811
29753812
29805730
29899632
29899633
29899634
29899635
29899636
29899637
29899638
29899639
29899640
29899641
29899642
29899643
30040564
30040565
30055071
30055072
30055073
30055074
30055075
30055076
30055077
30055078
30055079
30055080
30055081
30055082
30055083
30055084
30055085
30055086
30055087
30055088
30055089
30055090
30055091
30055092
30055093
30055094
30055095
30055096
30055097
30055098
30096037
30096038
30096039
30096040
30096041
30096042
30096043
30096044
30096045
30138087
30138096
30138097
30154700
30154701
30154702
30154703
30154704
30154705
30154706
30154707
30154708
30154709
30218674
30218675
30218676
30218677
30218678
30218679
30239899
30256219
30256220
30260714
30260715
30260720
30260723
30260724
30265846
30265847
30265848
30265851
30265853
30265854
30265855
30265856
30353143
30353145
30353146
30353148
30353149
30353152
30353170
30448663
30448664
30448665
30448666
30448667
30448668
30452758
30452759
30452760
30452761
30452762
30452763
30452764
30452765
30452766
30452767
30452768
30452769
30452858
30452859
30452860
30452861
30452862
30452863
30452864
30452865
30452866
30452867
30452868
30452869
30461428
30461429
30461430
30468002
30468003
30542459
30542460
30542461
30542462
30542463
30542464
30542465
30542466
30542467
30542468
30542469
30542470
30542471
30542472
30542473
30542474
30542475
30556970
30556971
30556999
30557001
30557002
30557003
30557004
30587061
30587062
30587063
30587064
30587065
30587066
30587067
30587068
30696411
30759743
30759744
30759745
30759746
30759747
30759748
30759749
30759750
30759751
30759752
30759753
30759754
30759755
30759756
30759757
30759758
30759759
30759760
30759761
30891145
30891146
30891147
30891148
30891149
30891150
30891151
30891152
30891153
30891154
30891155
30891156
30891157
30891158
30891159
30891160
30891161
30891162
30905878
30910602
30910603
30910604
30910606
30929581
30929582
30929583
30929584
30929585
30929586
30929587
30929589
30929590
30929591
30929592
30929593
30929599
30929632
30940779
30940780
30940781
30940782
30940783
30940784
30940785
30940786
30940787
30940789
30940790
30940791
30940792
30940793
30940794
30940795
30940796
30940797
30940798
30940799
30940800
30940801
30945857
30945858
30945860
30945861
30945862
30945863
30945886
30945887
30945888
30945889
30945904
30945905
30945906
30945907
30945921
30945922
30945925
30945926
30945927
30945928
30945929
30945930
30945931
30945932
30945933
30945934
30982559
30999779
30999780
30999781
30999782
30999783
30999802
30999803
30999804
30999805
30999823
30999824
30999825
30999826
30999827
30999828
30999829
30999830
30999858
30999859
30999860
30999861
30999944
31017478
31017479
31017480
31017481
31017482
31017483
31017484
31017485
31017486
31037832
31046578
31080468
31240124
31272373
31344920
31344921
31344922
31344923
31344924
31344925
31344926
31344927
31344928
31344929
31344930
31344931
31497121
31497122
31497123
31497124
31497125
31497126
31497127
31497128
31497129
31497130
31497131
31497132
31497133
31497134
31497135
31500287
31500288
31500289
31500291
31500292
31500293
31500328
31500329
31500330
31500331
31500332
31500333
31500334
31500335
31516132
31516135
31516138
31538206
31538209
31538210
31538211
31784004
31784005
31784012
31784013
31784014
31784015
31784016
31784017
31784018
31784019
31784021
31784022
31784028
31910371
31910372
31910373
31910374
31910375
31910376
31910404
31910405
31910406
31910407
31910408
31910409
31926677
31926678
31926679
31926680
31926681
31926682
31926683
31949958
31949959
31949965
31949966
31949969
31949970
31949971
31949972
31949973
31949977
31949980
31949982
31949983
31949984
31949985
31949987
31949988
31950084
31950085
31950086
31973189
32096790
32096792
32157886
32157889
32157891
32157892
32159114
32159115
32175758
32175759
32175760
32175761
32175762
32175763
32175764
32175765
32175766
32207347
32243231
32243232
32243234
32243237
32280098
32280099
32280100
32280101
32280102
32280103
32280104
32280105
32280106
32280107
32280121
32280122
32280123
32280124
32280125
32280126
32280127
32280128
32280129
32280130
32280131
32280140
32280141
32280142
32280143
32280144
32280146
32280147
32280148
32280149
32280150
32280151
32280152
32316149
32316150
32316151
32341493
32341494
32341495
32341496
32341497
32341498
32341499
32341500
32341501
32341502
32341503
32341504
32453857
32453858
32453859
32453860
32453861
32453862
32453863
32453864
32453866
32453867
32453868
32453869
32465125
32485927
32485928
32485929
32485930
32485931
32485932
32485933
32485934
32485935
32485936
32496309
32496310
32496311
32496312
32496314
32496315
32496317
32496319
32496323
32496324
32496326
32496327
32496331
32623782
32623783
32624492
32624494
32624495
32624496
32624536
32624537
32624538
32624539
32624540
32624541
32624542
32624543
32624544
32624545
32624546
32624547
32624548
32624549
32638439
32638440
32638441
32638442
32638443
32638444
32638445
32638446
32638447
32638448
32638449
32638450
32638451
32638452
32638453
32638454
32639829
32639830
32639831
32639832
32639833
32639834
32639835
32639836
32639837
32639838
32639839
32639840
32639841
32639842
32639843
32639844
32639845
32639846
32639847
32639848
32659978
32659979
32659980
32659981
32659982
32659983
32659984
32659985
32659986
32659987
32659988
32659990
32659991
32659992
32659993
32659994
32700976
32700977
32777400
32800681
32800685
32800687
32800698
32800700
32800701
32800702
32800703
32800704
32800705
32800706
32800707
32800708
32800709
32837565
32837567
32837568
32837574
32990520
3301847
33038335
33038336
33038337
33038338
33038339
33038340
33038341
33038342
33097304
33097305
33097306
33097307
33097308
33097309
33097310
33097311
33097312
33097313
33097314
33097315
33097316
33097317
33097318
33097319
33097320
33097321
33097322
33097323
33097324
33097325
33097326
33097327
33097328
33097329
33097330
33097331
33097332
33097333
33097334
33097335
33111465
33111466
33126140
33126149
33126722
33150459
33150460
33150461
33150462
33150463
33150464
33150465
33150466
33150467
33150468
33283645
33283646
33283648
33283649
33283663
33283664
33283666
33283667
33283683
33283684
33283685
3337362
3337555
33381307
3338951
3338957
33390558
33420421
33420422
33420423
33420425
33473535
33506291
33506292
33509988
33509989
33509990
33509991
33509992
33509993
33509994
33509995
33536786
33546251
33546252
33546253
33546254
33546255
33546256
33546257
33546258
33546259
33546260
33546261
33546262
33685095
33685097
3369718
33838993
33838994
33838995
33838996
33846387
33846389
33846390
33846391
33846394
33846395
33846398
33846403
33971626
33971627
33971628
33971629
33971630
33971631
34034866
34034867
34034868
34034869
34034870
34034900
34034901
34034902
34034903
34034904
34082501
34082504
34082505
34082506
34082507
34082510
34082511
34082512
34082513
3411166
34219039
34219042
34234566
34252493
34252494
34252496
34317352
34317353
34317354
34317355
34317356
34317358
34317359
34317361
34317364
34317367
34317370
34392151
34392153
34392155
34392157
34392158
34392160
34392161
34426092
34426093
34474819
34479208
34479209
34479232
34479237
34479242
34479246
34479251
34491344
34491346
34511310
34511311
34511312
34511313
34511314
34511315
34511316
34511317
34511318
34511319
34511320
34511321
34511322
34586342
34610027
34651764
34657646
34793122
34981941
34981944
34981946
34981948
34981949
34981950
34981951
34981952
34981953
35121370
35121371
35121372
35121373
35121374
35121375
35168396
35170518
35170519
35170520
35170521
35170522
35170523
35170524
35170525
35170526
35170527
35170528
35170529
35406664
35406665
35406666
35406667
35406668
35464986
35464987
35464988
35464989
35464990
35464991
35467095
35467096
35489311
35505902
35505903
35505904
35505905
35505906
35505907
35505908
35505909
35505910
35515717
35515718
35515719
35515720
35515721
35515722
35560131
35560132
35639286
35639287
35639288
35639289
35640336
35640338
35640339
35640340
35640341
35646055
35646056
35646057
35646058
35646059
35646060
35646061
35646062
35646063
35646064
35646065
35646066
35646067
35646068
35646069
35646070
35646071
35646072
35646073
35646074
35666470
35666472
35666475
35739517
35786581
35786583
35786585
35786586
35865053
35865054
35865055
35865056
35865057
35865058
35865059
35865060
35865061
35865062
35865063
35865064
35865065
35865066
35865067
35865068
35865070
35865072
35865074
35865077
35865079
36010101
36010103
36010106
36010124
36010135
36010136
36010139
36010141
36010144
36011982
36011983
36011984
36011985
36011986
36011987
36031267
36051906
36063229
36063235
36063237
36129244
36129246
36129248
36129249
36129250
36129252
36129254
36129256
36129259
36138472
36187801
36187802
36190676
36197598
36197599
36221972
36221973
36221974
36221975
36221976
36221977
36221978
36221979
36221980
36221981
36221982
36221983
36221984
36221985
36221986
36221987
36248951
36248953
36248955
36248956
36248957
36248958
36248959
36248960
36248961
36248962
36280705
36290234
36290235
36290236
36290237
36290238
36290239
36290240
36290241
36290242
36290243
36321128
36321129
36321130
36321131
36321132
36321133
36321134
36321137
36321138
36322434
36322436
36411816
36411817
36411818
36411819
36411820
36411821
36411822
36411823
36411824
36411825
36411826
36411827
36411828
36411829
36411830
36411831
36411832
36411833
36411834
36436322
36436323
36439740
36439741
36439742
36439743
36439744
36439745
36439746
36439747
36439748
36439749
36439750
36439751
36439752
36439753
36439754
36439755
36450484
36450497
36450505
36450506
36450507
36491921
36604255
36638442
36638444
36694342
36694343
36694344
36694347
36715178
36715180
36715181
36794319
36794320
36794321
36794322
36794323
36794324
36794325
36794326
36794327
36794328
36794329
36794330
36794331
36794332
36794333
36794334
36794335
36794336
36817042
36912078
36914070
36914071
36942619
36942620
36942623
36942624
36942625
36943457
36943458
36943459
36943460
36943461
36943462
36943463
36943464
36943465
36943466
36943467
36943468
36943469
36943470
36963142
37058245
37058246
37058248
37058249
37058250
37058252
37059591
37076914
37076915
37076916
37076917
37132486
37132487
37169058
37169059
37169060
37169061
37169062
37169063
37169064
37169065
37169066
37169067
37169068
37169069
37169070
37169071
37169072
37169073
37169074
37169075
37175054
37175055
37175056
37175057
37175058
37175059
37175060
37175061
37175062
37175063
37175064
37175065
37175066
37175067
37175068
37175069
37247293
37247294
37247295
37537970
37537971
37537972
37537973
37537975
37537977
37537978
37537980
37537981
37537983
37537985
37537989
37537992
37537997
37538001
37569282
37599584
37599585
37599586
37599587
37599588
37599589
37599590
37599591
37599592
37599593
37599594
37599595
37599596
37599597
37599603
37636695
37636696
37636697
37636698
37636699
37636700
37636701
37636702
37636703
37636704
37688239
37688240
37688241
37688260
37688261
37688262
37688263
37688264
37688265
37688266
37688267
37783789
37783790
37783791
37783792
37783793
37783794
37783795
37783803
37783804
37783805
37783806
37783807
37783808
37783809
37789996
37789997
37789998
37789999
37790000
37790001
37790002
37790003
37790004
37790005
37790006
37801984
3784388
37880190
37880194
37880197
37880200
37880203
37880204
37880206
37880208
37880209
37880210
37880211
37880212
37880213
37880214
37898967
37986976
37986981
38004387
38004388
38004389
38004390
38004391
38004392
38004393
38004394
38004395
38004396
38004397
38004398
38004400
38004401
38004402
38014036
38014037
38014038
38014039
38014040
38014041
38057431
38057432
38057433
38057434
38057435
38057436
38057437
38057438
38057439
38057440
38057441
38057442
38057443
38057444
38057445
38057446
38066041
38066042
38066043
38066044
38066045
38066046
38066047
38195283
38195284
38195285
38195286
38195287
38195289
38195290
38195291
38195295
38195299
38200354
38200359
38365033
38365034
38365035
38365036
38409776
38409777
38409778
38409779
38409780
38409781
38409782
38409783
38423463
38423464
38423465
38423466
38423467
38423470
38423471
38423475
38423480
38423481
38423482
38423483
38423486
38423487
38423492
38423493
38423494
38423502
38423503
38423504
38423505
38423508
38423509
38423510
38423514
38423515
38423516
38423522
38423523
38423527
38423528
38423529
38423534
38423535
38423539
38423540
38423541
38423542
38423544
38423557
38493511
38493512
38493513
38493514
38493515
38493516
38493517
38493518
38493519
38493520
38493521
38493522
38493523
38493524
38493525
38493526
38493527
38493528
38493529
38493530
38493531
38493532
38493533
38493534
38493535
38493536
38493537
38493538
38493539
38493540
38493541
38493542
38522947
38522948
38522949
38522950
38522951
38522953
38522954
38522956
38522958
38522961
38541804
38541805
38541806
38541807
38541808
38541809
38541810
38541811
38594943
38594944
38797111
38797113
38797127
38797129
38852181
38852182
38852183
38852184
38852185
38852186
38852187
39084886
39084887
39084888
39084889
39084890
39084891
39084892
39084893
39084894
39084895
39084896
39166657
39166658
39166659
39166660
39166661
39166662
39166663
39166664
39166665
39166666
39166667
39166668
39166669
39166670
39166671
39166672
39166673
39166674
39166675
39166676
39166677
39166678
39166679
39166680
39166681
39166682
39166683
39166684
39166685
39170369
39170370
39170371
39170372
39170373
39170374
39199223
39199224
39331921
39331922
39331923
39331924
39331925
39331926
39331927
39331928
39331929
39331930
39331931
39331932
39331933
39331934
39331935
39331936
39331937
39331938
39331939
39331940
39331941
39331942
39331943
39331944
39331945
39331946
39331947
39331949
39331950
39331951
39433429
39630360
39630389
39743516
39743517
39743518
39743519
39743520
39743521
39743522
39743523
39743524
39743525
39743526
39743527
39743528
39743529
39743530
39743531
39743532
39743533
39743534
39743535
39743536
39743537
39765428
39765429
39765430
39987481
39987484
39987485
39987486
39987487
39987488
39987489
39987490
39987491
39987492
40177051
40177052
40177053
40177054
40177055
40177056
40177057
40177058
40177059
40177060
40177061
40177062
40214558
40214559
40214560
40214561
40214562
40214563
40214565
40214566
40214568
40214569
40214570
40214572
40214574
40214576
40214578
40214579
40214581
40265008
40265010
40265011
40265012
40265013
40265014
40279412
40297888
40297890
40297892
40297893
40297896
40297897
40297899
40297912
40318500
40318501
40318502
40318503
40318504
40318505
40318506
40325889
40325890
40325891
40325892
40325893
40328470
40328471
40328472
40328473
40328474
40328475
40328476
40328477
40328478
40328479
40328480
40328481
40328482
40328483
40328484
40328486
40328502
40328503
40328504
40328505
40328506
40513623
40513624
40513625
40513626
40513628
40513629
4052389
40544188
40544190
40544193
40544195
40544197
40544199
40544202
40754490
40754491
40754492
40754493
40754494
40754495
40754496
40754497
40754498
40754499
40754500
40754501
40754502
40754503
40754504
40754505
40754506
40754507
40754508
40754509
40754510
40754511
40754512
40754513
40754514
40754515
40754516
40754517
40754518
40754519
40754520
40754521
40754522
40754523
40754524
40754575
40754576
40754577
40754578
40754579
40754603
40756520
40756525
40795537
40795538
40795539
40795541
40795542
40795543
40795544
40795545
40795546
4084197
40865122
40865123
40865126
40865128
40865130
40865132
40865134
40865136
40979362
40979363
40979364
40979365
41123235
41123236
41123237
41184359
41265412
41265416
41265417
41265419
41312073
41312077
41313005
41313006
41313007
41313008
41313009
41313011
41313012
41385627
41385648
41385724
41393899
41393901
41393903
41393905
41393907
41393908
41393909
41393910
41393911
41393912
41393914
41393915
41393916
41393917
41393918
41393919
41393920
41393921
41393922
41393923
41435337
41435338
41435339
41435340
41435341
41435342
41435343
41435344
41435345
41435346
41435347
41435675
41435676
41435677
41435678
41435679
41435680
41435681
41435682
41435683
41435684
41479471
41479472
41479473
41479474
41487353
41580933
41697758
41697759
41697760
41697761
41697762
41697763
41697764
41697765
41697766
41697767
41697768
41697769
41697770
41697771
41697772
41725999
41774255
41774256
41774258
41774260
41774264
41774266
41774267
41774269
41774270
41774272
41774275
41774278
41776942
41776943
41776944
41776945
41776946
41776947
41776970
41776993
41776994
41776995
41776996
41776997
41776998
41776999
41777000
41777001
41848186
41848187
41848188
41848256
41848257
41890796
41890797
41890798
41890799
41947103
41977897
41977898
41977899
41977900
41977901
41977902
41981002
41981003
41981004
41981005
41981006
41981007
41981008
41981009
41981010
41981011
41981012
41981013
42064321
42064322
42064323
42064324
42064325
42101697
42101698
42101699
42101700
42101701
42101702
42101703
42101704
42101705
42101706
42101707
42101768
42162120
42162121
42162122
42162123
42162124
42162125
42162127
42162129
42162130
42162131
42162132
42162134
42162135
42162136
42162138
42162139
42162140
42162141
42162144
42162149
42162151
42162152
42162158
42162160
42162161
42162162
42162163
42176711
42176714
42176724
42176730
42176738
42176744
42176747
42176750
4245186
4245187
42710004
42710005
42710006
42710007
42710008
42710013
42751254
42751255
42751256
42751257
42751258
42751264
42751265
42751266
42751267
42751268
42751269
42751270
42751271
42751272
42751277
42751278
42751279
42752957
42752958
42752959
42752960
42754241
42754242
42754243
42754244
42754245
42754246
42754247
42754248
42754249
42754250
42754251
42754252
42754253
42754254
42754255
42754256
42754257
42754258
42754259
42754260
42754261
42754262
42754263
42754264
42830320
42830321
42830322
42830323
42830324
42830325
42830326
42830327
42830328
42830329
42830330
42830331
42830332
42830333
42830334
42830335
42834322
42834348
42834352
42834357
42834364
42834450
42834673
42834674
42834675
42834676
42834677
42834678
42834679
42834680
42834681
42834682
42834695
42834696
42834697
42834698
42834699
42834700
42834701
42834702
42834703
42834704
42834713
42834714
42834715
42834716
42834717
42834718
42834719
42834720
42834721
42852351
42852363
42852365
42852367
42852369
42852371
42852373
42852375
42852377
42852379
42852381
42910209
42910210
42910212
42910213
42910215
42910216
42910217
42910218
42910219
42910220
42910221
42910222
42910223
42910224
42910226
42910227
42910228
42910229
42910230
42910231
42910234
42910235
42910237
42910238
42910240
42910241
42910243
42910244
42910245
42910246
42910247
42910248
42910250
42910251
42910331
42910332
42910333
42910334
42910335
42975059
42975060
42975061
42975062
42975063
42975064
42975065
42975066
42975067
42975068
42979038
43017687
43017688
43019725
43019726
43019727
43019728
43019729
43019730
43019731
43019732
43019733
43019734
43048980
43048981
43048982
43048983
43048984
43048985
43048986
43048987
43048988
43048989
43048990
43048991
43048992
43048993
43048994
43048995
43095076
43095080
43095081
43095085
43095090
43095093
43095094
43102640
43102641
43102642
43102643
43102644
43102645
43102646
43102647
43102648
43102649
43112598
43112599
43112600
43112602
43112603
43112604
43112606
43112608
43112611
43112615
43112617
43112618
43112619
43112620
43112621
43112622
43112623
43112624
43112625
43112626
43112627
43218348
43218349
43218350
43218351
43218352
43218353
43218354
43218355
43218356
43218357
43341845
43341852
43341853
43371348
43371350
43371351
43371355
43371356
43371357
43371358
43371359
43371360
43371361
43371362
43371363
43371364
43371365
43371366
43371367
43371368
43371369
43371370
43371371
43371372
43371373
43371374
43371375
43412193
43412195
43412211
43412214
43412216
43429140
4350107
4358322
4358329
43587951
43587954
43587956
43587958
43587961
43587963
43587965
43587966
43587969
43587970
43587971
43587972
43615381
43615382
43615383
43615384
43615385
43615386
43615387
43615388
43615389
43615390
43615391
43615392
43615393
43615429
43615430
43615431
43615432
43615433
43615434
43615435
43615436
43615437
43615438
43615439
43615440
43615442
43615443
43615444
43615445
43615446
43615447
43615448
43615449
43615450
43615451
43615452
43615453
43615454
43628012
43634612
43634613
43634614
43634615
43634616
43634617
43634618
43634619
43634645
43634646
43634647
43634648
43648470
43648473
43648477
43648478
43648495
43648496
43648497
43648499
43648500
43648501
43648504
43839701
43839706
43911132
43911133
43911134
43911135
43911136
43911139
43911140
43911141
43911144
43911147
43911148
43911149
43911150
43911153
43911154
43911155
43911159
4399236
4400024
44122309
44122310
44122311
44122312
44122313
44122314
44122315
44122316
44122317
44122318
44122319
44122320
44122321
44122322
44122323
44122324
44122325
44122326
44141009
44141011
44141012
44141013
44141015
44141016
44141017
44141018
44141020
44141021
44141022
44141023
44173713
44173714
44182052
44270212
44270213
44270214
4429586
4429967
4431434
4431435
4431436
4431437
4431438
4431712
44343675
44354402
44354403
44354404
44354405
44354406
44354407
44354408
44354409
44354410
44354411
44354412
44354414
4437357
44452721
44452723
44452725
44452728
44452729
44466451
44466452
44477048
44477049
44490732
44508727
44508728
44508735
44508736
44508737
44508739
44508740
44508741
44508742
44508743
44508744
44508745
44508746
44513848
44513864
44513894
44583430
44583433
44583439
44583442
44583446
44583449
44583454
44583459
44583462
44602939
44602940
44602941
44602942
44705530
44705531
44705532
44705533
44705534
44705535
44705536
44705537
44705538
44705539
44705540
44705554
44705555
44705556
44766066
44766067
44766068
44799666
44800036
44800037
44800040
44800041
44800043
44800045
44880198
44880199
44880200
44880201
44880202
44880205
44880207
44880208
44880209
44880213
44937929
45013831
45022196
45022197
45022198
45035710
45035713
45203665
45334640
45334641
45334642
45334665
45334690
45334698
45334703
45334705
45334706
45334707
45383437
45383438
45383439
45383440
45383463
45383464
45383465
45383466
45444135
45444136
45454203
45454204
45454205
45454206
45454207
45465232
45465235
45465237
45465238
45472130
45472136
45472141
45472145
45472151
45472156
45472164
45472166
45472169
45475442
45475443
45475444
45475445
45475446
45684974
45685450
45685451
45685452
45685453
45685454
45685455
45685456
45685457
45685458
45685459
45685460
45685461
45685462
45685463
45685464
45685465
45685466
45685467
45685468
45685469
45685470
45685471
45685472
45685473
45685474
45685475
45685476
45685477
45727492
45727493
45727494
45727495
45727496
45727497
45727498
45727499
45727500
45727501
45727502
45727503
45727504
45727505
45727506
45727507
45727508
45727509
45727510
45727511
45727512
45727513
45727514
45727515
45727516
45727517
45727518
45727519
45742280
4579154
45934587
45978048
45978049
45978050
45978051
45978052
45978053
45978054
45978055
45978056
45978057
45978058
45978059
45978060
45978061
45978062
45978063
45978064
46080030
46080031
46080032
46080033
46080034
46080035
46080036
46080037
46080038
46080039
46080040
46080041
46080042
46080043
46103971
46103978
46103982
46103987
46103990
46103995
46103997
46103998
46103999
46104001
46104002
46104003
46104005
46104010
46104012
46104014
46104020
46104022
46104025
46104026
46104029
46125528
46125529
46136001
46136002
46136003
46136004
46136005
46136006
46136007
46136008
46136009
46136010
46136011
46136012
46136013
46136014
46136015
46136016
46136017
46136018
46136019
46136020
46136021
46176152
4623187
4625592
4625593
4625987
4625988
4627712
4628098
46294474
46325615
46325616
46325622
46325623
46325624
46325625
46325626
46325627
46325628
46325629
4632585
46371963
46371964
46371965
46371966
46371967
46371977
46371978
46371979
46371981
46371982
46447031
46516600
46516602
46516607
46516610
46516611
46516614
46516617
46516619
46516627
46516631
46516635
46516637
46516638
46516639
46585760
46585761
46585762
46585763
4659810
46600897
46618337
46618338
46618339
46618340
46618341
46618342
46618343
46618344
46618345
46618346
46618347
46618348
46633001
46633002
46633003
46633004
46633005
46633006
46633007
46633008
46633009
46633010
46633011
46633012
46633013
46633014
46633015
46710254
46710255
46710256
46710257
46710258
46710259
46710260
46710261
46710262
46710263
46710264
46710265
46710266
46710267
46710268
46710269
46710270
46710271
46710272
46710273
46710274
46710275
46710276
46710277
46730651
46730652
46736084
46736085
46736086
46736087
46736088
46736089
46736090
46736091
46736092
46736093
46736094
46736095
46736096
46736097
46736098
46736099
46736100
46736101
46736102
46736103
46736104
4674373
4674655
4674656
4674657
46806774
46807856
46807857
46807858
46807859
46807860
4681174
4681670
46820434
46820435
46820436
46820437
46820439
46820442
46820443
46820445
46820447
46820448
46820450
46820452
46820454
46820456
46820458
46820461
46820462
46820463
46820471
46820472
46820473
46820474
46820475
46833047
46833048
46833049
46837006
46837007
46837008
46837009
46837010
46837011
46837012
46837013
46837014
46837015
46837016
46837017
46891258
4705246
47091150
47091151
47091152
47091153
47091154
47091155
47091156
47091157
47298463
47298464
47298465
47298466
47298467
47298468
47298469
47298470
47298471
47298472
47298473
47330605
47330612
47330614
47330617
47330618
47330619
47330620
47330621
47330622
47330624
47330625
47330626
47330627
47330628
47330629
47330630
47330631
47330632
47330646
47330647
47330648
47330649
47330650
47330651
47330652
47330653
47330654
47370754
47370755
47370756
47370757
47370758
47370759
47374810
47576029
47576037
47576137
47576138
47576139
47703198
47703239
47703241
47703242
47786904
47786906
47818731
47818732
47818733
47818734
47818735
47818736
47818737
47818740
4781917
48020910
48020911
48020912
48020913
48020914
48020915
48020916
48020917
48020918
48020919
48034004
48034005
48034006
48106803
48106807
48106809
48106812
48106814
48106816
48106818
48106819
48106821
48106823
48106826
48106828
48106829
48106831
48106832
48106834
48106837
48106838
48106839
48106841
48106843
48106846
48108129
48108171
48110359
48110360
48110361
48110362
48110363
48110364
48110365
48110366
48110367
48110368
48217839
48217840
48217841
48217842
48217844
48217845
48217846
48217847
48217848
48217849
48231088
48231091
48376038
48411311
48411313
48411315
48411317
48411319
48411321
48416724
48458801
48458802
48458803
48458804
48458806
48458808
48458810
48458812
48458813
48458814
48458815
48458816
48505441
48505442
48505443
48505444
48505445
48505446
48505447
48505448
48505449
48505450
4856816
48674812
48674813
48674814
48674815
48706124
48725493
48725494
48725495
48725496
48725497
48725498
48725499
48725500
48725502
48725503
48725504
48725505
48725506
48725507
48725508
48725509
48725510
48725511
48725512
48725513
4878230
4878241
4878813
4878823
4878824
4878825
4878896
4879203
4879204
4879236
4879239
4879240
4881297
4881298
4881335
4881744
4881756
4881757
4881760
48850465
48850466
48850467
48850468
48850469
48850470
48850471
48850472
48850473
48850474
48850475
48850476
48850477
48850478
4885541
4885542
48869125
48869126
48869127
48869128
48869129
48869130
48869131
48869132
48869133
48869134
48869135
48869136
48869137
48869138
48869139
48875529
48875530
48875532
48875536
49011139
49011140
49011142
49011143
49011144
49011145
49011148
49011149
49011151
49011163
49011168
49011175
49011176
49011179
49011180
49011181
49011183
49011184
49011185
49011186
49011187
49011188
49011189
49011190
49011191
49011192
49083424
49083425
49083426
49083427
49083428
49083429
49083430
49083431
49083432
49083433
49083434
49083435
49083436
49083437
49083438
49083439
49083440
49171090
49171091
49171092
49171093
49171094
49171095
49171096
49171097
49171098
49171099
49171100
49171101
49171102
49171103
49171104
49171105
49171107
49171110
4922860
4922879
4922906
49363923
49363924
49363925
49363926
49363927
49363928
49363929
49363930
49363931
49363932
49363933
49363934
49363935
49363936
49363937
49363938
49363939
49363940
49363941
49363942
49363943
49363944
49363945
49363946
49363947
49363948
49363949
49363950
49363951
49363952
49751947
49751948
49751949
49751950
49751951
49751952
49751953
49751954
49751955
49751956
49751957
49751958
49751959
49751960
49751961
49751962
49783334
49783335
49783343
49783344
49783345
49783346
49783347
49783348
49783349
49783351
49783354
49783355
49783357
49783361
49783362
49783365
49783367
49783369
49783371
49783372
49863623
49863624
49863625
49863626
49863627
49863628
49899665
49941237
49941238
49941239
49941240
49966413
49966414
49966415
49966416
49967681
49994340
49994341
49994342
49994343
5000068
5000953
5002905
5002906
5005213
5006015
5006016
5010073
5010074
5010944
5010945
50114382
50114383
50114384
50114385
50114386
50114387
50114388
50114389
50114390
50114391
50114392
50114393
50114394
50199959
50218799
50218811
50218819
50308343
50308344
50308345
50308346
50308347
50308349
50308350
50320014
50379816
50393758
50393762
50393765
50393806
50393817
50393819
50393821
50393825
50393827
50393834
50393869
50393872
50393873
50393874
50393875
50393876
50393882
50393884
50450472
50450473
50588355
50588356
50588357
50588358
50588359
50588360
50588361
50588362
50588363
50588364
50732943
50732944
50732945
50732946
50732947
50732948
50732949
50732950
50732951
50732952
50743225
50743226
50743227
50743228
50743229
50743230
50743231
50743232
50743317
50743324
50745390
50755456
50755457
50755458
50755459
50755460
50755461
50755462
50755463
50755464
50755465
50759848
50783493
50783494
5081135
5081136
5081137
5081138
5081140
50827821
50950959
50968155
50968156
50968157
50968158
50968159
50968160
50968161
50968162
50968163
50968164
5105329
51074789
51074791
51074793
51074795
51074796
51074797
51074799
51074801
51074803
51074805
51074807
51074809
51074811
51074813
51074815
51074817
51074819
51074820
51074821
51074823
51074825
51074826
51074828
51074830
51074832
5112149
51128594
51128595
51128596
51128597
51128598
51128599
51128600
51128601
51128602
51128603
51128604
51128605
51271132
51271133
51271134
51271135
51271136
51271137
51271138
51271139
51271140
51271141
51271142
51271143
51530731
51533021
51533022
51543716
51543717
51543718
51543719
51543720
51543721
51543722
51543723
51543724
51578072
51623357
51623363
51724942
51724943
51724944
51724945
51724946
51724947
51724948
51724949
51724950
51724951
51724952
51724953
51724954
51724955
51724956
51724957
51724958
51724959
51724960
51724961
51724962
51724963
51724964
51797061
5183905
5183930
5183931
51853775
51853777
51853778
51853780
51853781
51853785
51853787
51853789
5185436
5185443
5185444
5186789
5186848
5187282
5187751
51986193
51986194
51986195
51986196
51986197
51986198
51986199
51986200
51986201
51986202
51994288
51994289
51994290
51994291
51994292
51994293
51994294
51994295
51994296
51994297
51994298
51994299
51994300
5203142
5203144
5205110
5206759
5206760
5206777
5206778
5206779
5206780
5206781
5206782
5206967
5206968
5207121
5207122
5207123
5207128
5207129
5207130
5207364
52090789
52090790
52090791
52090792
52090793
52090794
52090796
52090797
52090800
52090802
52090804
52106138
52106139
52106140
52106141
5211012
5211060
5212827
5214759
5214880
5214891
52174921
5222274
52258661
52258662
52258663
52258664
52258665
52258666
52258667
52258668
52258669
52258670
52344641
52344642
52344643
52344644
52344645
52469174
52469175
52469176
52469177
52469178
52469179
52469180
52469181
52469182
52469183
52469184
52469185
52469186
52667845
52667846
52667848
52667850
52715889
52715893
52715898
52715902
52715906
52715910
52715914
52715918
52715923
52715927
52715931
52715935
52715939
52715943
52715947
52715951
52715955
52885801
52885802
52885803
52885804
52885805
52885806
52885807
52885808
52885809
52885810
52885811
52885812
52885813
52885814
52885815
52885816
52885817
52885818
52959181
52959182
52959184
52959185
52959186
52959187
52959188
52959189
52959190
52959191
52959192
52959193
52959194
52959195
52959196
52959197
52959198
52959199
52959200
52959202
52959203
53048243
53048244
53068894
53076434
53076435
53076436
53076437
53076438
53076439
53076440
53076441
53076442
53076443
53076444
53076445
53076446
53076447
53076448
53076449
53076450
53102673
53102674
53102675
53102676
53102677
53102678
53124677
53208618
53208619
53208620
53208621
53208622
53208623
53208624
53208625
53208626
53208627
53208628
53208629
53208630
53208631
53208632
53208633
53208634
53208635
53208636
53208637
53208638
53238905
53238906
53238907
53238908
53238909
53238910
53238911
53238912
53238913
53238914
5328896
5328897
5330072
53308856
53308857
53308858
53308859
53308860
53308861
53363636
53363637
53363638
53363639
53363640
53363641
53363642
53363643
53363644
53363645
53582819
53582820
53582821
53582822
53582823
53582824
53582825
53582826
53582827
53582828
53582829
53582830
53582831
53582832
53602554
53614104
53614108
53614111
53614112
53614113
53614116
53614120
53614121
53614122
53614123
53614124
53614125
53614126
53614127
53614128
53614129
53614130
53614131
53614132
53614133
53640268
53716033
53716034
53716035
53716036
53716037
53716038
53716039
53716040
53716041
53716042
53716043
53716044
53716045
53716046
53716047
53716048
53716049
53716050
53716051
53716052
53716053
53716054
53716055
53716056
53799248
53799249
53799250
53799251
53799252
53799253
53799254
53799255
53844307
53844308
53844311
53846328
54121582
54121583
54241967
54241968
54241969
54241970
54241971
54241972
54241973
54241974
54241975
54241976
54241977
54241978
54241979
54321186
54321188
54329280
54422889
54446339
54446340
54446341
54446342
54447188
54473081
54473082
54473083
54473084
54473085
54473086
54473087
54473088
54473089
54473090
54564930
54564931
54564932
54564933
54564934
54564935
54564936
54564937
54564938
54564939
54564940
54564941
54622322
54622323
54622324
54622325
54622326
54622327
54622328
54713241
54713242
54713244
54834934
54834935
54834936
54834937
54834938
54834939
54834940
54834941
54834942
54834943
54834944
54834945
54834946
54834947
54834948
54834949
54834950
54834951
54834952
54834953
54862861
54862865
54862872
54877719
54877720
54921385
54921386
54921389
54921390
54921391
54921392
54921393
54921394
54921395
54921396
54921397
54921398
54921399
54921400
54980879
54980880
54980881
54980882
54980883
54980884
54980885
54980886
55127614
55129850
55129851
55129854
55129856
55129860
55129862
55129863
55129864
55129865
55170854
55170855
55170856
55170857
55170858
55170859
55170860
55170861
55170862
55170863
55170864
55170865
55170868
55170869
55170870
55170871
55170872
55170873
55170874
55170875
55170876
55170877
55170878
55170879
55170880
55170881
55170884
55170885
55170886
55170887
55170888
55170889
55188536
55188537
55276790
55276794
55276796
55276800
55276807
55276809
55329180
55329181
55329182
55329183
55410789
55410790
55410791
55410792
55410798
55410799
55410800
55410801
55410802
55410803
55410804
55410805
55410806
55410807
55410808
55410809
55410810
55423153
55423154
55423163
55423164
55492909
55492911
55492970
55492975
55492977
55492979
55492981
55492983
55492985
55492987
55569977
55569978
55569979
55569980
55569981
55569982
55569983
55569984
55569985
55569986
55739492
55739493
55739494
55739495
55739496
55739497
55739498
55739499
55739500
55739502
55739503
55739504
55739509
55739510
55739511
55739512
55739513
55739514
55771142
55771143
55771144
55771145
55771146
55771147
55771148
55771149
55771150
55771151
55771152
55771153
55771154
55771155
55771156
55771157
55771158
55771159
55771160
55771161
55771162
55853106
55853107
55853108
55853122
55853123
55853124
55853145
55853146
55853147
55853160
55853161
55853162
55853163
55853176
55853177
55853178
55853181
55853182
55853183
55853185
55853186
55853187
55853188
55853227
55853228
55853229
55853231
55853232
55853233
55853234
55853235
55853236
55853237
56038658
56045852
56045853
583733
600853
681330
684223
685863
714782
8523464
8523812
8523815
8523881
8523946
8524322
8524337
8524485
8540414
8541221
8563060
8563061
8564363
8566537
8566577
8568888
8574086
8574087
8576693
8576694
8604186
8604187
8604194
8700342
8805998
8819842
8819843
8820212
8820261
8820262
8822442
8822478
8822479
8822480
8822935
8823943
8826666
8826667
8830033
8830034
8830187
8830188
8868398
8868401
8882626
8884214
8886885
8886924
8948636
8949430
8951027
8951186
8953013
8958271
8958350
8958351
8958352
8958499
9017779
9023390
9025590
915459
9181511
9181520
9181521
9181523
9181524
9181548
9181549
9206974
9208224
9208225
9208226
9236947
9237068
9253539
9255147
9256639
9322072
9322073
9322074
9322080
9322085
9322130
9322131
9322139
9322146
9322147
9377276
9377548
9399425
9399904
9399908
9399921
9399922
9399948
9399954
9400015
9400023
9400025
9402021
9402203
9402204
9402727
9406144
9406148
9406149
9406150
9410476
9466346
9466347
9466348
9470275
9471470
9471666
9471667
9471668
9473713
9506626
9523913
9524753
9528018
9528809
9528861
9529560
9529903
9531670
9531672
9531686
9531689
9531714
9537946
9538893
9539978
9543483
9711872
9711873
9711874
9711875
9711876
9711877
9711878
9711879
9711902
9711905
9711991
9711993
9711994
9711995
9711996
9711997
9711998
9712001
9712035
9712038
9712105
9712106
9712762
9712763
9715187
9715702
9715703
9715704
9715707
9727619
9727776
9727795
9730399
9730422
9730444
9733463
9733464
9734550
9734632
9734636
9734757
9734758
9734759
9734763
9734772
9734773
9734774
9734775
9734914
9736203
9737897
9738462
9792059
9864202
9885801
9885802
9885882
9885884
9933669
9933678
9959125
9960910
9960926
9960953
9961672
9963882
9963920
9963949
9963967
9964262
9964390
9964458
9964479
9964505
9965161
9965165
9968014
9980380
9980381
