10000007
10000009
10000031
10000537
10000538
10000823
10000854
10000857
10000871
10002092
10002236
10002471
10002500
10002503
10002652
10002653
10003144
10003353
10003783
10004087
10004143
10005913
10006405
10026266
10026566
10031923
10032179
10033297
10033465
10046437
10046446
10046468
10053777
10053778
10053779
10053780
10053781
10053782
10053783
10053784
10053785
10053786
10053787
10053788
10053789
10053796
10053798
10059642
10060026
10060034
10060117
10060980
10061872
10062614
10065089
10066124
10066255
10085539
10086760
10087732
10088854
10090953
10091199
10107375
10111536
10113220
10116539
10124557
10126283
10126284
10126285
10127624
10127625
10127627
10129794
10129795
10136583
10142364
10145557
10148121
10148171
10154384
10164033
10164122
10164159
10165515
10166479
10166519
10166716
10166900
10166911
10167150
10168078
10168080
10168081
10168808
10169185
10169575
10169582
10169811
10170126
10170199
10170200
10170341
10170456
10171025
10171034
10171076
10171137
10171138
10171141
10171145
10171761
10171846
10171944
10172042
10172049
10172525
10172603
10172686
10172707
10174518
10203915
10210795
10210796
10211335
10233427
10233477
10236443
10248582
10248765
10260434
10273474
10279393
10279488
10279489
10279490
10279491
10279493
10279495
10279524
10280103
10280565
10283190
10283230
10298326
10298327
10298328
10298329
10300521
10300538
10300547
10314213
103143
10322804
10322805
10323180
10323181
10346183
10347947
10347948
10432273
10432278
10432279
10461820
10464879
10465336
10467146
10468391
10468394
10474422
10497843
10504270
10512617
10514972
10514976
10514977
10514980
10516252
10516254
10516256
10516257
10516258
10516259
10516260
10516261
10516270
10516383
10516892
10517213
10517216
10517246
10517764
10517768
10517769
10521709
10522536
10527655
10533839
10536626
10536627
10536629
10536637
10536673
10542858
10547545
1059992
10628264
10679399
10679405
10679414
10679421
10679425
10720137
10732895
10732899
10732905
10732924
10732928
10732932
10764070
10783751
10811491
10821832
10821834
10821844
10855356
10877792
10888897
10890102
10925600
10925606
1093418
11000232
11009802
11009804
11009805
11017204
11040916
11040917
11040918
11040919
11040920
11064154
11064155
11064156
11064157
11064158
11081361
11081369
11087988
11087994
11091529
11091533
11091535
11100509
11100520
11100541
11126560
11127199
11186309
11186315
11186316
11186319
111957
111961
111964
11198591
112067
112068
112069
112071
112072
112073
11210054
11210055
11210646
11227967
11227969
11227970
11227971
11227972
11232638
11250981
11263610
11282482
11285383
11291777
113717
113718
1140807
11475715
1151557
11520904
1155646
1155647
1155648
1155649
1163250
1163251
1163253
1163255
1163256
1163257
1163258
1163259
11644207
11644208
1169414
1169415
1169419
1169420
1169484
1169485
11778250
11778261
118318
11874486
11874489
11874494
11922291
1193704
1195209
1195210
1195215
1195222
1195223
12152723
1215642
1215754
1215774
1215775
1216704
1216720
1216730
1216818
1216839
1216840
1216885
1216894
1216934
1216956
1216959
1216969
1216984
1216990
1218534
1219871
1219973
122260
12281158
12281159
12281692
12281930
12281934
12281935
123609
12395436
12395940
12396731
12396733
12396735
12396739
12397254
12397337
12397784
12397982
12398005
12399604
124419
124420
124421
124422
124423
124425
124428
124429
124430
12460455
12460456
12460557
12460599
12460600
12460739
12460740
1246943
1246944
1246945
1246946
1246947
1246948
1246949
1246950
1246951
1246952
1246953
1246954
1246955
1246956
1246957
1246958
1246959
1251048
125906
12608155
12608247
12608262
12608263
1264238
1264949
1267994
1268105
1268255
1268542
12807779
12807780
12835501
12837044
12837375
12920160
12920672
12940303
12941802
12942872
12943673
12946667
13160822
1318932
1318964
1318966
1319024
1319270
1319271
1319272
1319282
1319467
13209118
13209119
13209120
13209121
13209122
13209123
13215394
13215395
13304853
13304856
133115
13343352
13343354
13347604
13347605
13347607
13347608
134606
134894
135053
135525
13601160
13612490
1361907
13623231
13669615
13669779
13669793
13669794
13694522
13724339
13730588
13735519
13735520
13737004
13737939
13739226
13739227
13739228
13739229
13739231
13739232
13739233
13739234
13739236
13739237
13739239
13739240
13739241
13739242
13739244
13739245
13739256
13739257
13739260
13739261
13739264
13739276
13739327
13739328
13739390
1389865
1390157
1390158
1395576
1395579
1395582
1395583
1395584
1396628
1396634
1396635
1396636
14017086
14126449
14126450
14126968
14132607
14132610
1414839
1414840
1414841
1415400
14170432
14176158
14177867
14208454
1421527
1421532
1422170
1422171
1422172
1422173
14222018
142575
14258245
14314890
14397334
14397335
14397336
14397337
14417154
1444966
144634
144635
144636
144637
144687
14477429
14482299
145811
14609975
14611206
149833
14988862
14988864
14991686
14991693
1501734
1501935
15065714
150970
1510016
1510018
1510019
1510021
1510023
15177038
15177039
15177697
15178620
15189052
15193171
152318
152376
152637
152638
152639
152640
152641
1536845
1536846
1540250
154073
15412591
15413654
1546815
1546832
1546885
1546886
1546890
1546891
1546892
1546893
1546901
1546921
1546944
15470712
15470713
1548405
1548411
15507175
15525144
15531831
15531832
15542338
15550041
15557798
15557807
15563683
15566545
15653406
15664141
15814365
15848361
158741
158743
15925663
15969230
15969243
15994044
15998714
15998715
15998716
15998717
15998718
15998719
15998720
160018
16003768
16005441
16010818
160453
160578
16079183
16109895
16109906
16109909
16177110
16177111
16219158
16219162
16219381
16219670
16219855
16221000
16222640
16222641
16268962
16448760
16448762
164872
16569109
16649814
1665662
1665666
1665671
167471
16790513
16933543
16933544
16933545
16933546
16933547
16933548
17060079
17060080
1716468
17193148
17193149
17205626
1720856
1721159
17250628
1732355
1732356
1732364
1737330
1743155
17438682
17438687
1745793
17466844
1746712
17470018
17473153
17477538
17684075
1773389
17764854
17764855
17781123
17812425
17850501
17907576
17908607
1795263
1795264
18015633
18015634
18015635
18015636
18015637
18015638
1802811
18037559
1806592
1807524
1808772
181031
181033
181034
181035
181036
181037
181038
181039
181040
1810839
18112029
18112030
18120081
18137130
18157352
18187240
18190364
18198385
18229483
182919
18336196
1835077
18357462
18357474
18357475
18357476
18357477
1843937
18505916
18619005
18669371
18779792
18779793
18790214
18790215
18942099
18949024
18949193
18949194
18949196
18949201
18949202
18949203
18949204
18949205
18949206
18953252
18953253
18953259
18953260
18953261
18953262
18953263
18953264
18953265
18953267
18953268
18953269
19022324
19163051
19165386
19165392
19165591
19165592
19184066
19198214
19199458
19199459
19206125
19206126
19206129
19206130
1921204
1921206
19232403
19368404
19368406
19368413
1937360
19374789
19374796
1948476
1953105
1955109
1956025
1956044
1957063
1958636
1958637
1958638
1958643
1958644
1958645
1958646
1958647
1958649
1958650
1958651
1959446
1959447
1960352
19615245
19638857
19638858
19638859
19638861
19662101
19662102
19662861
19662862
19671287
19671288
19671290
19671291
19682228
19694834
19703362
19703363
19703536
19703537
1970831
1971783
1972360
1974907
1974922
19755194
1975762
19780922
19780923
19789236
19792545
19848077
1986346
1986347
1989558
1989559
1992792
2012029
20161973
20161975
20161978
20161980
20180844
20204999
20289569
20289570
20303780
2030892
2038665
2038666
20389500
20389789
20389795
20416055
20416148
20416591
20416729
20416730
2044895
2052455
20543082
20543111
20543173
20581806
20606634
20606635
20606637
20608805
20620328
20620329
20620330
20620335
20620337
20620338
20620339
20620922
20621306
2064323
2064328
20648619
2065426
20704541
20704542
20743073
20820167
20820168
20820169
20832629
20832630
20849619
2086208
2092262
2092263
2092264
2092598
2092692
20963848
2097970
21062437
21062439
21133026
21148630
21148640
21165513
21181997
21207429
21207430
21233549
21277380
21277381
21296249
2132240
21322593
21340995
21340997
21348083
21349019
21349020
21352109
21353448
21354177
21354199
21354200
21354235
21363313
21368239
21372268
21372270
21372271
21375683
21380339
21382763
2142109
2142137
2143736
2143737
2143738
2144221
2144322
21496895
2150315
2150316
21510780
21510781
21511308
2151952
21612482
21628334
21641907
21650845
21651184
21656368
21656372
21668519
21668520
21668521
21668522
21668524
2166968
2170490
2173997
2178403
2178645
21812437
21812438
21812439
21812440
21812441
21825837
2183153
2186245
218767
2192295
2193062
2194500
2200584
22015551
22015954
22025354
22025358
22025371
2203016
2203717
2204670
2206333
2208803
2209285
2210299
2210328
2210427
2210484
22144532
22145222
22145233
22145234
22145235
22145236
22145263
22150041
22152039
22184217
22184218
22195651
22195654
22195898
22196447
22196844
22196862
22196951
22197373
22197374
22197378
22197758
22197759
22197781
22197968
22197969
22201946
22201947
22202024
22203177
22203179
22203180
22203185
22203204
22203207
22204470
22205014
22205015
22205029
22205048
22205049
22205051
22205052
22205056
22205071
22205150
22205171
22205177
22205179
22207346
22207379
22213319
22213320
22214621
22214625
22215010
22215011
22215012
22215014
22215016
22217851
22217868
22217878
22224915
2222511
22226201
22226202
22226363
22226549
22226605
22226869
22228232
22228534
22228535
22228536
22232006
22232010
22232011
22233017
22233020
22233319
22233798
22233958
22233975
22234004
22234015
22234016
22234018
22234399
22234429
22234430
22234478
22234480
22234481
22234489
22234568
22234569
22234570
22234571
22234679
22271298
22274879
22291480
22299260
22299262
22300815
22304092
22306894
22306995
22306996
22307111
22307112
22307581
22307584
22307585
2231041
22311746
22311749
22312390
22312443
22312444
22312447
22312449
22312450
22313690
22313708
22314156
22315226
22316196
22316209
22316428
22316515
22316516
22316648
22316688
2232962
22330543
2233258
2233266
2233267
2234435
2234886
2234887
2234900
2234901
2234915
2234916
2234919
2234920
2234922
2234926
2234927
2234928
2234930
22353500
2236579
2236584
2236984
22421491
22421629
2244084
2244085
2244086
2244087
2244088
2244089
2244090
2244091
2244092
2244093
2244094
2244095
2244096
2244098
22459560
22490314
22490315
22490578
22490579
22707882
22707883
22728724
227337
2276411
2276412
2276413
2276415
2276427
2276429
2276430
2276472
2276488
2276530
2276536
2276541
2276544
2276560
2276561
2276567
2276577
2281090
22844713
22853989
22853991
22854543
22854899
22854979
22862309
22862311
22891093
22892747
22895781
2293798
2293799
2294599
229498
22957297
2295976
22961870
22961871
22963715
22963718
22964129
22967783
22969313
2296937
22969944
22969945
22971105
22982085
22985925
2299110
23045721
23047789
2304964
2304969
2304970
23050948
2305191
23052215
23052216
23054153
23060989
2306337
23066300
23066306
23070807
2309770
23137246
23137247
23137253
23137392
23141815
23143482
23144584
23147515
23155966
23155968
23158092
2319822
2320890
23224037
23224039
23224040
23224045
23227912
23230616
23234970
23244408
2324798
23250255
23310006
23319053
23397447
23398843
23398847
23400089
23405524
23407664
23417616
2341855
23421400
23421418
2342400
2342401
2342542
2342548
2342555
2342620
2342621
2342776
2342918
2343087
2343088
2343095
2343231
23488163
23494125
23498667
23500767
23500768
23507374
23567957
23575235
23575576
23578400
23580208
23581464
23581465
23590163
23592968
23592971
23659933
23661720
23661721
23662084
23662086
23671753
23673856
23677295
23677297
23677298
23677300
23677317
23677318
23681793
23681794
23682374
23684775
23738964
23738965
23742712
23750284
23750285
23750287
23753150
23770659
23826147
23827672
23827683
23834789
23835015
23835753
23837119
23837801
23838653
23839361
23839884
23839949
23840085
23840526
23841602
23856331
23857460
23913653
23913656
23919355
23925577
23927897
23928271
23932103
23934341
23934409
239563
23990819
23996146
24000981
24057728
24060729
24062423
24062638
24064727
2408795
2408796
2408797
2408799
2408802
2408805
2410213
2410217
241160
24125610
24138019
24138389
24141977
24142531
24142776
24143057
24143058
24143059
24143064
24143065
24143250
24194115
24195034
24195035
24195036
24195042
24195043
24195810
24201753
24202397
24205904
24271285
24287207
24290862
2433511
24345601
24349764
24349765
24351793
24361796
24362544
2437929
243793
2438119
24420955
24420958
24425161
24425162
24425163
24426988
24427333
24427564
2443186
24432497
24433683
24433684
24436778
24437308
24496583
24496586
24496764
24498372
24500592
24500600
2450282
24509963
24514840
2451971
24574094
24574096
2457571
24576138
2457786
2457787
2457788
2457789
24579695
24585675
24589444
24590194
24591011
2459327
2459631
2460326
2460327
2460465
2460635
2460770
2460788
2460791
2460801
2460997
2461323
2461769
24652330
24655341
24655342
24657827
24657830
24662215
24662217
24662218
24662219
24662220
24714592
24714607
24718035
24721337
24722587
24725455
24727537
24727540
24728321
24728918
24733011
24734664
2483389
2484745
2484845
2486740
24887792
24889747
24893811
24964563
24964820
24965315
24965316
24965317
24965319
24965323
24969653
24969659
24972559
25031160
25036739
25038893
25039682
25045146
25048616
2504936
25051310
25054919
25057596
2507615
2509388
25116538
25116539
25116540
25116541
2512405
25127149
25127152
25128603
2513133
25132425
25132426
2513372
25135959
2514868
25189646
25191909
25195031
25195032
25198720
25207284
25207285
25207286
2523820
25259271
25259277
25259280
25259283
25259290
25259291
25259319
25262540
25266328
25267035
25269812
25269881
25271602
25271619
25271620
25271621
25271622
25271623
25271624
25271625
25271626
25271629
25271630
25271631
25271632
25271634
25271635
25271636
25271637
25271638
25271639
25272211
25272530
25272532
25272548
25272549
25272644
25273597
25274216
25274217
25274218
25274219
2532513
25333730
25333731
25334838
25336787
25338956
25339903
25339904
25345350
25347314
25348626
25394260
25399777
25401159
25401418
25405551
25405577
2545354
25461105
2546634
2546659
2550325
2551027
2551633
25520561
25523939
25527862
25528928
25529326
25531801
2556192
25583489
25595498
2559744
255979
25598374
2560618
2560619
2561000
2561572
2562753
25673033
25673035
25677017
2567737
2569336
2569337
2571344
2572274
2572655
2573252
25752282
2575389
25764637
2576490
25775211
2579188
2580210
2580351
2581524
2582867
25831421
2583209
2583891
2584370
25844930
25844931
2586294
2586382
2589033
2589808
2589964
2590014
2590102
25902997
2590633
25907228
2590854
2592984
25931722
25931726
25932719
25932862
25932863
25932864
25932865
25932866
25932867
25932868
2593479
2594577
25961809
25961810
25961811
25961812
25961827
25961844
2596820
2597373
2599524
26002487
26002488
26002489
26002490
26002491
26002493
2600400
2601906
26021902
26021903
26021904
2602429
2602724
26031997
26031998
26031999
26038134
26038135
2604107
2604631
26050833
26052491
26052494
26052497
26052504
26052507
26052510
26052513
26052516
26060073
2607140
2607250
2607821
2607822
2607823
2608132
260943
2609817
2610131
2610756
2611818
2614492
2615106
2615213
2616261
2616262
2616861
2616885
261745
2618159
2620467
262050
262055
262233
2622454
2622997
262301
2623220
2623279
2624004
2624281
2624904
262546
2625466
262774
263376
264053
264121
264122
265124
2653997
2654232
2665665
2671501
2671765
267270
268659
268957
268958
2691295
2722183
2722184
2722185
2722256
2729618
273006
2732113
2735094
2735095
2741627
2743644
2754373
2756391
2762376
2771948
2775088
27796223
27801378
27812280
27864627
27884032
27884033
27892535
2790611
27914272
2791506
2791507
2791738
27918669
27918684
27918685
2792425
2792455
2793442
2793706
27938899
2794593
27950945
27950946
27975654
27975655
27977010
27980359
27980362
27980363
27980364
27980365
27980366
27980367
27980369
27980379
27980380
27980386
27980392
27980396
27980399
27980400
27980402
27980712
27980716
27985260
27992944
27994589
27994590
27994591
27994595
27994596
27994597
27994603
27995588
27995589
27995590
27995591
27995592
27995594
27995595
27995596
27995597
27995598
27995599
27995600
27995601
27995603
27995604
27995605
28039755
28049454
28049455
28092437
281118
28127923
28127925
28164345
28164395
28164396
2817319
2817321
2818509
28185992
28185993
28185995
28185996
28185997
28185998
28186012
28186016
28186017
28197085
2821287
2821288
2822539
28225645
28225646
28225647
28225648
28236030
28236031
28236032
28236033
28236034
28236035
28236036
28236037
28236038
28236039
28236040
28236041
28236042
28236043
28248546
28248549
28267368
2828617
2830414
28308884
28319260
28319261
28319262
28319263
28319267
28319269
28319893
28319894
28319895
28342389
28342390
28342391
28342392
28342406
28346934
28346939
28346943
28346946
28364037
28387978
28387979
28387980
28387981
28387987
28387988
28387989
28387991
28387992
2840282
2840283
28407164
28407179
28407223
28421419
28421420
28426574
2843585
28441658
28441709
28441792
2845193
2845359
2846973
28477521
28477523
284831
28500567
28530707
28530710
285459
28565487
28565492
28565494
28594437
28594458
28597196
28597197
28597198
28597813
286061
28611774
28611775
28611776
28611779
28611801
286119
28615769
28628444
28628445
28653858
28653879
28661047
28661049
28681393
28682139
28694528
28694533
28694534
28707796
28739931
28739932
28739952
28739953
28750226
28750227
28750228
28750240
28750241
28750242
28750283
28750291
28756930
28801613
28801614
28811619
28823791
28823792
28825348
28825349
28825350
28825351
28825352
28825353
28825355
28825356
28825357
288370
28840345
28840364
28840368
28840372
28840377
28840385
28840463
28840467
28856431
28856432
28856434
28856435
28856436
28856437
28856438
28856439
28860908
28872920
28874026
28874031
2887751
28883227
28883228
28883229
28895813
28895817
28895820
28916713
28929733
28929736
28929738
28929741
28929742
28929745
28929746
28929749
28942782
28942797
2896967
28981655
2899920
29027854
29034469
29034470
29034471
29034472
29039903
29039905
29039907
29040860
29040866
29040877
29040887
29040889
29040891
29040892
29040893
29040896
29040899
29040912
29044718
29044719
29044720
29049647
29056379
2906005
29062499
29062500
29062549
29062582
2907375
29077548
29077592
29077609
29080741
29081379
29081380
29081381
29081382
29081383
29081384
29081385
29081386
29081387
29081388
29081389
29081390
29081391
29081401
29081402
29081403
29081404
29081405
29081406
29081407
29081408
29081409
29085137
29085544
29123208
29123209
29123210
29123211
29123212
29130864
29134913
29147087
29147088
29191102
29191110
29191111
29191120
2919720
2934517
2934518
2934779
2934877
2934909
2935343
2935402
2935403
2935404
2935406
2936017
2936021
2938316
2949085
2949379
2949380
2949384
2949451
2949465
2949467
2950286
2952977
2952979
2952982
2952983
2953042
2955305
2958871
2958889
2958891
2970778
29747992
29747997
2976994
2978572
29887076
2989360
29897865
29897866
29897867
29897870
29897875
29903641
2991640
2993652
2995353
29960258
29960605
29960606
29960607
299632
29986894
29998495
29998534
29998535
29998538
29998539
29998540
300002
300137
30016142
300311
30039104
30048809
30048810
30048811
30048812
3006391
30089776
30095779
30095780
30095782
30095784
30095785
30127746
3013818
30146988
30146990
30147173
30179042
30179084
30179085
30179086
30179096
30179097
30179103
30184924
30192241
30210163
30242852
30242854
30242862
30246931
30246946
30246953
30246954
30246955
30246956
30246957
30270704
30270715
30333765
3039714
30403614
30403615
30403616
3041288
3045289
3046285
30509548
30509990
30509995
30509999
30510000
30510001
30510004
30554778
30554791
3055617
30564125
30564134
30564146
30564161
3061578
30618544
30634964
3073680
30744570
30744571
30744572
30744573
30744574
30744577
30744580
30744582
3074979
3075308
3078013
30780340
30780341
30780485
30859509
30873843
3088678
3088679
3092343
30945285
30945303
3094672
30981206
30991536
3101504
31022180
31024123
31091229
31091230
31092062
31108305
31135440
31135457
31135461
31135463
31135471
31135472
31135473
31135474
31135475
31135476
3114461
3115049
31164554
31164555
31191171
31200839
31225849
3123336
3130249
313042
3130475
3131146
3134954
31375558
31380633
31380642
31380647
31380652
31380653
313816
313817
31381928
31381929
31397372
31397378
31397379
31404406
31413275
31413276
31416292
31416293
31416294
31416295
31416298
3142704
3145999
3147677
3147678
315385
315435
31563653
31566323
31599781
316226
31640972
31647667
31647676
31647677
31647680
31666953
3167196
3169088
31697796
31697851
31697914
31697915
31697950
31697951
31697984
31697985
31698188
31698189
31698277
31698278
31698341
31698342
31698450
31698451
31703636
31725556
31725557
31725558
31725587
31736563
31736564
31736565
31736566
31736567
31736568
31736570
31736572
317550
317551
31770649
31770749
31770817
31774974
31786660
31803549
3183476
31853226
31853229
31853338
31853339
31875568
31948604
31948605
31948607
31948609
31948610
31948611
31948612
31948634
31948668
31948711
31948712
31948747
31948748
31948749
31948751
32013411
32017031
32017036
32017106
32017234
3203727
32050923
32050970
32051017
32051057
32051062
3205611
3205612
32062762
32062764
32062767
32062768
3212080
32139764
32139765
32139766
3215200
3216220
321725
321726
3217433
32185328
3219900
3220591
3221033
3221422
32216299
32216300
32226512
3227511
32290186
32293185
32300439
32300440
32300441
32300454
32300455
32300456
32300457
32300458
32300459
32300460
32300461
32300462
32300463
32300467
32300468
32300470
32300476
32300477
32300478
32300479
32300480
32300491
3234419
3234911
3234984
32351042
32351043
32351044
32351045
32351046
32351047
32351048
32351049
32351050
32351051
32351052
32351053
32351054
32351055
32351056
32351057
32351058
32351059
32351060
32351061
32351062
32351063
32351064
32351065
32351066
3235211
3235212
3236232
32394227
32394477
3239494
3242488
32468915
32468916
32468929
32468930
32468932
32468933
32468935
32468936
32468938
32468939
32468959
32468960
32468963
32529396
32532056
32532344
3256242
3256260
32562731
3257430
3257704
3257724
3257813
3259747
3261752
32620650
32650379
32650380
32650384
32650385
32650386
32650388
32650389
32659963
32694509
32694541
32715743
32715769
32715770
32715816
32715817
32715818
32715819
32719095
32719097
32719098
32719099
32719100
32719101
32719204
32719215
32727710
32727712
32727713
32727730
32728642
3274649
32759977
32793368
32793369
32858837
328652
32892880
329044
329049
32917619
32917621
32933205
32933209
32933219
32933221
32933222
32947674
32950381
32950382
32950567
32965282
32966625
32966694
32988344
33171059
33171090
33171094
33171097
33171100
33171115
33171122
33171125
33171130
33171133
33184366
33184372
33184466
3321706
33221026
33221039
33221040
33221096
33221099
33221103
33221110
33221125
33221126
33221136
33221140
33223730
33223731
33297460
33297461
33324692
33324733
33324758
33339017
33340236
33340258
33340282
33340288
33340301
33340310
33376085
33389895
33400496
33474709
33474712
33474755
33474757
33477427
33477500
33485484
33485490
33520266
33545333
33545334
33545610
33545611
33580929
33580930
33580939
33580950
33580970
33628347
33649591
3368905
3369033
33691029
33691030
33691031
33691032
33691033
33691034
33691064
33691065
33705187
33705188
33705235
33705241
33705242
33713722
33713723
33713724
33713725
33713726
33713727
33713728
33713729
33713730
33713731
33713732
33713750
33713751
33713752
33713753
33713754
33713755
33713756
33713761
33713762
33713763
33713764
33725706
33725748
33725913
33744627
33744629
33744630
33744631
33744689
33744733
33744742
33744744
33744765
33744777
33744780
337686
33818472
33829064
338337
3383838
3384066
33892465
33892467
33892483
33892485
33892531
33892597
33892599
33892602
33892624
33892628
33892630
33892632
33892640
33892642
33892644
33892648
33892653
33892663
33892665
33892667
33892672
33909776
33936340
33936390
33936395
33936397
33936399
33936403
33936433
33936438
33936444
33936489
33936508
33936539
33936645
33936647
3394757
3394759
3394784
3394804
3394817
3394859
3394862
3394899
3394905
3394930
3394945
3394957
3394991
3394993
3394996
3394999
3395010
3395019
3395026
3395029
3395030
3395078
3395106
3395127
3395132
3395148
3395176
3395201
3395216
3395239
3395240
3395274
3395278
3395283
3395359
3395360
3395411
3395439
3395444
3395459
3395502
3395550
3395551
3395557
3395569
3395570
3395599
3395606
3395645
3395762
3395801
3395816
3395928
3396193
33962043
33962045
3396331
3396332
3396378
3396593
3396603
3396674
3396848
3397006
3397178
3397214
3397224
3397260
3397263
3397412
3397650
3397655
3397739
3397755
3397756
3397760
3397765
3399138
3399183
3399184
3399185
3399186
3399187
3399188
3399189
340116
34036214
34055162
34055179
34055182
34055188
34055190
34055191
34055192
34055193
34055194
34055195
340637
340758
34096895
3412303
3412318
3412322
3412328
3412330
3412339
3412360
3412448
34182950
34204313
34204314
34204315
34204317
34204320
34206281
34206425
34206491
34214354
34239529
34239531
34239534
34239666
34239672
34272425
34272427
34272428
34276321
34279954
34320736
34343539
34347231
34354060
3437683
3437723
3437830
3438020
34382251
34382351
34382352
34382354
344534
34475941
34475942
34475943
34475945
34475946
34475947
34475948
34475949
34475950
34475951
34475952
34475955
34475956
34475957
34475958
34475959
34475960
34475961
34475962
34475964
34475965
34475970
34569788
34569789
34586792
34586793
34586794
34586795
34586796
34619713
34619718
34619721
34619723
34619725
34619726
34619729
34619730
34619732
34619733
34619741
34619742
34619744
34619745
34619780
34619802
34619814
34619816
34619850
34619893
34633839
34644118
34669324
34683143
34699786
34699787
34699789
34699790
347198
34728104
3478291
3479884
3480249
3481239
3482096
3482146
3482465
3482575
3483053
3483054
3483363
3483366
3483509
3483965
3483993
3484259
34845858
34845966
34849997
34849998
3485861
3486209
3486236
3487936
3488334
3488909
3490346
3490421
34993469
34993593
34993594
34993598
34993599
349995
35011559
35011564
35011568
35011572
35011575
35011578
35011585
35015937
35015941
35015943
35015985
35016030
35016224
35034236
35058524
35060674
35062422
35077419
35077420
35082448
35096385
35128444
35161939
351640
35191165
35203408
35203409
35203410
35203411
35203412
35203413
35203414
35203994
35203995
35203996
35203997
35204000
35204002
35204004
35204009
35204011
35204013
35204020
35204025
35204026
35204027
35211430
35211435
35221275
35221313
35221314
35221315
35221316
35221323
35221325
35221327
35232605
35233023
35233026
3524670
3534980
3535338
3535361
35397393
35397590
35397726
35397730
35397748
35397950
35398010
35398150
35398151
35398152
35423301
35423314
354565
354596
35487394
35487395
35487396
35487397
35487398
35487399
35487400
35487401
35487402
35487403
35487404
35487405
35487406
35487407
35487408
35487409
35487410
35487411
35487412
35487413
35487414
35515037
35515038
35515039
35515040
35515041
35515044
35515045
35515046
35515047
35515048
35521069
35521086
35557918
35557938
35557963
35557964
35557965
3557031
3557039
3557041
3557049
3557051
35591235
3559646
35614202
3561785
3561789
3561790
3561792
3561907
3562961
35637030
3566518
35667973
35667974
35667976
35674657
3571844
3577250
3577681
35783943
35783944
35784189
35784195
35784196
35784203
35784206
35784233
3578948
3578949
3578950
3578953
3578954
3578955
3580330
3582854
3582858
3582859
35830980
3583360
3584557
3584982
3585668
3585786
3588984
35927567
35927571
35930558
35999691
36034530
36034531
36034532
36034554
36043994
36044006
36044014
36044018
36044020
36044082
36044084
36044087
360579
36082016
36082429
36082437
36082464
36082564
36082565
36082601
36082603
3608556
3608557
36110831
36110832
36110833
36110834
36110835
36110836
36110837
36110838
36110839
36110840
36110842
36110843
36110844
36110845
36110846
36110847
36110848
36160593
36160629
36160675
3619129
3619535
36222661
36222669
36222728
36222729
36222730
36222731
362513
36277131
36277160
36327827
36327829
36327831
36327832
36327964
36327966
36327973
36327975
36327977
36327979
36327996
3633395
3633854
3633956
3633957
3634110
3634179
3634265
3634477
3634810
3634882
3634979
3635146
3635374
3635608
3635693
3636125
3636206
3636420
3636484
3636485
3636486
3636487
3636496
3636504
3636505
3636631
3636664
3636998
3637091
3637120
3637122
3637141
3637508
3637607
36377347
36377355
36377382
36377408
36377409
36377410
3637989
3638301
3638317
36436523
36436524
36446422
3646325
36474808
36474810
36474842
36474843
36487750
3648985
36491506
36491508
36491525
3649472
3649473
3649882
3650138
3653760
365600
36562372
36562373
36571439
36571453
36572754
36572759
36572865
3663791
3663811
3665118
3665122
36651427
3665624
36659039
3666887
36679101
36679102
36679103
36679104
36679105
36679106
36679107
36679108
36679109
36679116
36679118
36679121
36679123
36679125
36679126
36679128
36679130
36679132
36679134
36679136
36698451
36717154
36717189
36719407
36719408
36719410
36719425
36719439
36719494
36719495
3673227
3673228
3674146
3675551
3675552
3679125
3679548
367959
3679652
3680002
3680039
3680517
3680519
3680696
3680715
3681249
3681250
3681277
3681332
3682538
3683860
3692101
3692102
3692300
3692382
3692383
36933125
3697147
3697151
3697174
36981514
36981515
36981516
36981522
36981561
36981567
36981599
37070175
37070200
3710125
3710726
37108036
3711248
3711249
37123052
3712662
37136260
3713973
37144250
37148795
37169186
37186137
37206431
37206485
37206487
37206490
37206492
37206493
37206494
37206545
37210082
3721520
3721759
3722317
3722322
3722337
37265735
37265742
37265749
37265756
37265764
37278794
37311155
37311162
37311164
37311166
37311241
37318293
37318294
37318295
37318296
37318297
37318314
37318323
37318326
37318330
37318331
37318334
37318335
37318337
37318338
37318340
37318344
37318348
373639
37371571
37395619
37395623
37395625
3740611
3740613
3740616
3740618
3740620
3740622
3740625
3740626
3740627
3740647
37476405
37505429
37505430
37505431
37505481
37505605
37505614
37505615
37505616
37505617
37505618
37505619
37505620
37505637
37505638
37505639
37505640
37505641
37505642
37505643
37505644
37505645
37505646
37505659
37505663
37505665
37505666
37505667
37505668
37505669
37505670
37505671
37505672
37505712
37513045
37513058
37545549
37559023
37559044
3759432
3759437
3759441
3759600
3759607
3759610
3759633
3759701
3760171
3760250
3760254
3760570
3761628
3761629
3761631
3761660
3761683
3761687
37616958
3761711
3761721
3761755
3762496
3762510
3762514
3762515
3762516
3762521
3762524
3762529
3762532
3762563
3762575
3762835
3762839
3762860
3762863
3763492
3763510
3765435
3766685
37668372
37668373
37668385
3768508
3769973
3769974
3774734
3774772
3775712
37765592
37765600
37765727
37765910
37766177
37766270
37766484
37770782
37770789
37770801
37770820
37770829
37770837
37770850
37770861
37770867
377797
377798
3778503
377857
37804279
37809652
37809653
37809654
37809655
37809666
37809677
37809678
37809679
37830581
378391
378650
37902708
379166
37934293
37934305
37936011
37945043
38019823
38019834
38019953
38019960
38019967
38019974
38019981
38022650
38022652
38095055
38096562
38096578
38108781
38112481
38112490
38112491
38112494
38112496
38112501
3811826
38149563
38154246
38162781
38219557
38219558
38219565
38239032
38248081
38248090
38283290
38283292
382934
382935
38293600
38293602
383123
383145
383282
38456142
38487651
38487653
38549613
38549614
38549615
38549616
38549617
38549618
38549619
38555820
38591449
38591461
38591483
38645458
38645459
38676539
38676540
38681528
3868504
3868861
3869007
38694896
38694897
38694899
38694900
38703636
38703637
38714253
3878452
3878467
3879318
38876573
38904634
38904637
38946896
389493
38955190
39018416
39018464
390484
39054864
39054886
39054887
39054888
39054905
39054906
39054907
39054908
390793
39085890
39155813
39155814
39257052
3926832
3926833
3927175
39287512
3933329
39335706
39346067
39346068
39346069
39434355
39435379
39435383
39435384
39443113
3947652
3947655
3947656
3947658
3947659
39485056
39495787
39513205
39513211
39547103
39547107
39547145
39547147
39547148
39547149
39547170
39547174
39547177
39547178
39547179
39547180
39547181
39547183
39547185
39547187
39547189
39547190
39547191
39547192
39547226
3956892
3956893
3956894
3956895
39572542
39572543
39572544
39572545
39572546
39572547
39572548
39572549
39572550
39572551
39572552
39572553
39572554
39572555
39572556
39572557
39572560
39572570
39572572
39574802
3959160
3959161
3959163
39612870
39613008
39613009
39613013
39613015
39613021
39613022
39613024
39613025
39613026
39613027
39613029
39613030
39613031
39613033
39613034
39613035
39613049
39613050
39613053
39613054
39613056
39613057
39613058
39613059
39613061
39613071
39617562
39638743
39638745
39638746
39638747
39638748
39638749
39638750
39638751
39638753
39664722
39666807
39667001
39667011
39667016
3969581
3969582
39699687
39702558
39764188
39822300
3983915
3984372
3984373
3984377
398989
3992670
39938705
39938706
39938710
39938711
39938889
39938893
39938949
39938953
39938958
39938962
39938963
39938968
39938973
39938977
39938981
39938990
39970985
40010872
40010875
40010876
40069060
40069061
40069079
40092757
40113530
4017839
40191639
40196505
40196516
40196589
40196601
40196616
4019690
40203898
40203911
4020697
4021105
4022281
40297108
40297109
40297110
40297111
40297112
40297113
40297114
40297115
40297116
40297117
40297118
40316471
40316474
40316475
40316476
40335035
40343970
40343971
403696
40482380
40549833
40549835
40549838
40551804
40551821
40551824
40551836
40551839
40554020
40561070
40561071
40561072
40561073
40561074
40561082
40561083
40561156
40561158
40593688
40593691
40593692
40593712
40618668
40618740
40657493
40769826
40800984
40859062
408686
4087945
40897316
4091649
4091669
40920295
40920304
40972616
4097944
4098399
4099730
41040280
41055704
41070238
41070242
41070246
41070250
41096489
41109712
41109713
41109715
41109716
41109736
41109737
41109739
41109740
41109741
41109749
41109770
41109782
411604
41186039
41186040
41186070
41190771
41253719
41253729
41253737
41280622
41280623
41280743
41280769
41280773
41280776
41280777
41280779
41280780
41280781
41280782
41280783
41280785
41295970
41302500
41302502
41302505
41302506
41302507
41302508
41302510
41337399
41350924
41351051
41351060
41360708
41360714
41363446
41370275
41377591
413877
41391851
41391852
41391854
41391856
41391858
41391860
41408386
41408388
41408389
41408423
41408433
41408434
41408435
414260
41434247
41434248
41504547
41504552
41516099
4151930
41524152
41524153
4152683
4152685
4152686
4152687
4152688
4152689
4152690
4163201
41635839
41651797
41662497
41664141
41668760
41668764
416903
4169276
41699460
4174263
41742802
41742806
41753531
41753533
4175730
4175731
4175732
4175733
4175734
418403
41854512
4187278
419156
41924371
41924372
41924373
41924374
41924375
41924376
41924377
41924378
41924379
41924380
41924381
41924408
419265
41946573
41946586
41946587
41946596
41946599
41946606
41946607
41955294
419670
41973467
41986796
41986827
41986858
42004464
42013386
42032779
42032780
4204798
4206538
42074875
42094779
42094780
42108041
42108116
42219061
42229916
42303611
42303613
42303631
42303651
42303655
42303684
42303685
42355304
42355305
423747
42380733
42380745
42381009
42389826
424021
42446051
42446053
42446056
42446058
4249560
4249561
4249562
4249563
4249564
4249565
4249566
4249567
4249568
42523325
42523326
42541948
42559669
42571994
42571997
42572002
42572014
42572017
42572021
42572034
42572056
42572058
42572059
42572061
42572063
42572064
42572066
42572070
42572081
42572084
42572107
42572109
42572110
42572112
42572114
42572116
42572119
42572120
42572148
42572156
42572172
42572176
42572182
42572186
42572194
42572202
42572208
42572213
42572215
42572217
42572219
42572221
42572223
42572225
4257570
4257571
4257573
4257577
4257578
4257579
4257580
42693207
42693208
42693209
42693210
42693211
42693212
4269630
42699782
42699792
4270150
4273250
4276856
42816695
4281831
4281855
4281877
4282055
42838032
42838040
42838125
42889287
4293630
4295812
4295813
4295841
42978653
42993786
43003017
43003019
43003022
43003031
43003033
43003034
43003035
43003037
43003041
43003046
43003049
43003050
43009610
43009678
43022264
43035129
43035209
43056903
43056904
43056909
43056910
43056915
43056916
43056922
43056928
43056934
43056940
43056946
43057390
43057396
43057402
43057408
43057414
43057420
43057426
43057432
43057438
43057444
43057450
43057456
43057462
43057468
43057474
43057480
43057486
43057492
43057498
43057504
43057505
43057510
43057515
43057516
43057521
43057522
43057528
43057534
43057540
43057546
43057552
43057558
43057563
43057564
43086087
43129861
43129862
43129873
43158751
43158754
43234829
43234862
43234890
43234904
43234913
43234928
43234943
43235796
43235828
43235836
43235848
43260886
43302257
43302260
43327194
43334455
43365588
43403049
43403075
43403084
4341553
43433625
43438759
43451278
43454669
43465917
43479261
43534640
43534645
435569
43558094
43559129
43559146
43559147
43559148
4358767
4358768
4358774
4358776
4358777
4358784
4358785
4358793
4358794
4358795
4358796
4358798
4358799
43631527
43631530
4365576
4366440
4366470
43668992
43668997
43669006
43669028
43669029
43673164
43673200
43675125
43675132
43675133
43675134
43675135
4367552
43704929
43704988
43705066
43719319
43719341
43719342
43719980
43740155
43740211
43740214
43744359
43767289
43773383
43773395
4378656
43795466
43810490
43924095
43972267
43998479
44032752
44061072
44102654
44124028
44140107
44141741
44147646
44147666
44147670
44147678
44147694
44147706
44147719
44147723
44147725
44177403
44177404
44189269
44190095
44190097
4428030
44285875
44337876
44372311
44431378
44431423
44431502
4446802
44473433
44473438
44480511
44480541
44480542
44480543
44480545
44480572
44480577
44480581
44480586
44480670
44480689
44480759
4449153
4449842
4450163
44510522
44510523
44510883
44510885
44510891
44510894
44510898
44510902
44510903
44548277
44548340
44548343
447063
44733519
44760304
44856980
44885987
44932844
4493443
4493629
4493939
45024112
45024114
45024117
45024119
45024121
45024124
45028135
45065227
45065230
45168450
45168453
45168543
4520662
4520663
45213294
45214854
45214856
4521601
4521614
4522021
4522022
452204
4523712
45250200
45273634
45278548
45287308
4528965
4528976
45296222
45296227
45296230
45296232
45296342
4531388
4531395
4531399
4531415
4533734
4533736
45339688
4535534
45374061
45400432
45400433
45400565
45400588
4540179
4540464
4540637
4541168
4541177
4541750
4541866
4542447
45463886
45463887
45463889
45463890
45463893
45463899
45471605
45471827
45494793
4550374
4550666
4550813
4550877
45541408
45541409
45621667
45621668
45621679
45621683
45621686
45621703
45621787
45621795
45621797
45621799
45621801
45621803
45621804
45621807
45621809
45642881
45642883
45645712
45645722
45645723
45645724
45645725
45645726
45645727
45645728
45645729
45645730
45645731
45645732
45645743
45645744
45645745
45658511
45667872
45667873
456768
45695810
45695895
45695900
45695909
45695918
457332
45793450
45812235
45834682
45887108
459219
46008820
46008821
46008822
46008823
46008824
460266
4605473
46072279
46083453
4610663
4613805
46151801
46152614
46152619
461663
461664
4621164
4621165
4621166
4621167
46214825
46234736
46234738
46234739
46234740
462353
4624989
4625112
46252608
46257093
46276984
46277009
46277010
46277011
462813
46284294
46284298
46284308
46284309
46284315
46284323
46284324
46284332
46284333
46284335
46284337
46284340
46284341
46284342
4629402
463053
4633630
46363333
46363377
4637636
4637685
4637699
46377374
46381686
4641105
46458187
46473530
464984
46535237
46537078
465464
46556623
46556624
46556627
46565048
465691
46597654
46608436
46664149
46699658
46699659
46699660
46699661
46699662
46699663
46699664
46699665
46699666
46699668
46699669
46699686
46699687
46699688
4672166
4677793
4677794
4677795
4678257
46818163
46818190
4682125
46853042
46853046
46854634
46856767
468629
468630
468631
468632
468677
468680
46913183
46913199
46913200
46913267
46934354
46945183
46945187
469484
469670
46986714
4701014
4702473
470454
47069647
47069648
47083807
47083808
47083809
47095936
47095937
47095938
47095939
47095940
47095941
47095946
47095947
47095948
47095949
471120
47158458
47158459
47172684
471786
471932
47201782
47203672
47203675
47203676
47203683
47203690
47203745
47203747
47203764
472181
47229077
47247423
472579
472703
472704
47277438
47277440
47316693
4732953
47336393
473413
473514
4736449
4736454
4736459
4737111
4738409
473931
473948
4740336
47406742
47451685
47456124
47458380
4746463
4746464
474764
4747686
47482918
474868
4748895
475361
47554189
475636
476182
476243
476563
476564
4766380
4766381
47698091
47698100
47698116
4771314
4772781
4772782
4772783
4772784
4772785
4772786
4773811
4773812
4773813
4773814
47769908
47769909
477746
47783252
47783290
47800664
4785724
478759
478760
4787634
478891
479107
47945349
47945352
47945353
47945354
47945355
47945356
47945357
47945360
47945365
47974375
47974379
47974405
48016950
48019193
48019271
48019277
48019321
48047851
48054728
48054732
48054736
48054738
48054740
48078465
48106860
48106887
48106899
48106920
48106933
48106938
48106947
48106949
48150375
481800
48218397
48250802
48250808
482509
48251154
482615
482704
482809
48291283
483022
483080
483104
483140
48322913
48322932
48322936
48345128
48345139
48357997
48357998
483909
48395195
48398767
48399871
484015
4843268
4843269
4843270
48439440
48439441
48439442
48439443
48439445
48439447
48439449
48439450
48439451
48439452
48439463
48439464
48439465
48439466
48439467
48439468
48439469
48439470
48439471
48439472
48439473
48439474
484561
484995
48536195
48536285
485365
48544882
48544885
485639
486043
486114
48622464
48622467
486232
486408
486743
486760
486761
48707696
48707698
4874322
4875955
4875960
4875961
4875962
4875963
4875964
48760905
48760912
48760916
48760919
48821376
48821377
48821378
48821379
48821380
48821381
48821382
48821383
48821385
48821386
48821388
48835189
48835190
48835191
48835192
48835193
48835194
48851028
48858378
488839
4889751
4889752
4890225
48904193
48924816
489270
48948767
48948785
48949
4895085
489792
48993532
49008181
49008182
49008183
49008184
49008187
490168
490265
490305
49030964
4903398
4904351
49049524
4904963
4906043
490960
49104782
49147
4916554
4917407
4917533
491759
491965
49208608
49209867
49209870
49211364
492221
492556
49281328
49281334
4928464
4928637
49359315
49372838
4937440
4937442
4938407
4938408
4938412
49413638
49414580
49416288
49416303
49416304
49416305
49416309
49416310
49416312
49416313
49416314
49448972
49468712
494929
495082
495238
49527448
49527536
49546010
49546022
49546028
49546032
49546035
49546145
49546244
49552067
495702
495735
4959373
49609663
496125
49629364
49657305
49657306
49695086
49701803
497111
49722104
49722246
4975660
497723
49795599
49795636
498049
498139
498411
49852508
49880692
49885131
49885132
49885133
49885134
49885224
49885225
49885226
49885227
49885228
49885229
49885230
49885231
49885235
49885236
49885237
49885247
49885248
49885249
49885250
49885261
49885265
49885270
49885274
49885279
49895367
49895368
49895369
49895394
49895400
49895406
49907496
49907498
49949845
4995079
49952787
4995688
49959567
49959648
49959798
49959802
49959808
49959815
49959818
49959821
49959830
4996314
4996444
4996445
4996446
4996447
4996448
4996449
4996450
4996451
4996452
4996453
4997503
49988445
500005
5000491
500433
50047465
50067064
50067065
5007279
50085349
50085355
5011403
50159870
50159871
50191877
50191878
50191879
50198534
50198539
50198542
50198547
50198548
501992
502169
50222788
50234458
5024338
502726
5031121
5031620
50332856
5033908
504026
50403062
504221
504379
5049549
50496594
50496595
50496596
50496597
50496598
50496599
50496600
50496602
50496603
5050311
505571
5056230
5056232
5056233
5057274
50573282
50573283
50590763
50590767
50590772
50590790
50590933
50590937
50590942
50590945
5060001
5060002
5060003
5063707
5063917
5064147
50641729
50641730
50641731
50641732
50641733
50641734
50641735
50641736
50641737
50641738
50641739
50641740
50641741
5064344
50657109
50657114
5066214
5067371
5067459
5067460
5067776
50715266
50715282
50715283
50715284
50715306
50715324
50715345
50715346
50715366
50715410
50715430
50715432
50715433
50715437
50715440
50715442
50715450
50715451
50715453
50715476
50715480
50715484
50715486
50715490
50715494
50715497
50715506
50715510
50715517
50715521
50715525
50715584
50715589
50715590
50715609
50715611
50722327
5072826
50730707
50730711
50730717
50730722
50739422
50811504
5081995
508226
5082598
5089179
5089182
508996
5090318
509173
50956436
5096760
5097519
50978098
50978102
5098487
50987121
510071
51009822
51031749
5106224
5106225
5108602
51130085
51130108
51148649
51148651
51153455
51153456
51153666
5115493
51199726
512156
51244551
51244555
51244571
51244574
51269629
51269701
51269955
51272904
51281322
51281325
51298384
51298390
51298393
51298395
51298399
51298400
51298403
51298404
51298406
51298408
51298409
51298434
51298439
51306866
51306867
51306868
51306869
51306870
51306871
51306873
51306874
51306875
51306876
51306877
51306878
51306880
51306881
51306882
51306883
51306884
51306885
51306951
51306952
51306953
51306960
51306961
51306962
51306963
51306964
51306965
51306966
51306967
51306968
51306969
51306970
51306971
51306972
51306973
51306974
51306975
51306976
51306977
51311884
51311885
51311886
51311887
51311892
51311897
51311901
51336252
51336253
51336287
51336288
51336289
51336290
51336291
51336292
51336293
51336294
51336295
51336296
51336297
51336298
51336299
51336300
51336301
51336303
51336307
51336308
51336309
51336310
51336313
51336314
51336315
51339876
5134555
51410361
51410371
51410376
51410388
51410393
514115
514116
51412213
514323
51495026
51495028
51495029
51517041
51517044
51517060
51517063
51517159
51517162
51517175
51517177
515504
51570084
51570090
51570096
51570279
51570283
51570292
51570295
51571651
51573644
515980
51625137
516836
5169364
516965
516966
51705437
51705457
51705462
51705466
51705471
51705472
51705473
5171540
517729
51788257
51788258
51788259
51788260
517898
51820860
518219
51840022
51879382
51879402
51879408
51879409
51879410
51879411
51879438
51879439
51879440
51879441
51879442
51879443
51879444
51879445
51879446
51879447
51879448
51879449
51879450
51879451
51879452
51879453
51879454
51879456
51879457
51879458
51879459
51879460
51879461
51879462
51879463
51879516
51887558
519278
519315
51942205
51942220
51942300
51942302
51942318
51946030
5202325
5202326
5202327
5206348
5208589
5211159
5211160
5211162
52133232
52167133
52185146
52191356
52191359
52191381
52191456
5220177
5220178
5220179
5220180
5220182
5220349
52257094
52257096
52257098
52257100
5226342
5229930
5229991
5229992
5230794
5230863
5231068
5231072
5231109
5231582
5232460
5232624
5232784
5232785
5232793
5233332
5234737
5236788
52375041
52375046
52375049
52375051
52375054
52375058
523997
524373
5246822
52532196
52532199
5262325
5267576
52686571
52691009
52725520
52729421
52790421
52792957
52813617
52823527
52889260
52897031
52897032
52897033
52897034
52897035
52897115
52897116
52897117
52897118
52904139
52904140
52904159
52908615
52936235
52936236
52936237
52936239
52936240
52936241
52936242
52936243
52936244
52936245
52936246
52936247
52936248
52936249
52936250
529428
52959820
5297149
5297193
52973621
52973627
52973629
5297451
5297452
5297924
529808
529809
5298433
5298782
529893
5299267
53000977
530042
530226
530294
530376
530377
53038889
53038896
5305049
5305117
530754
53113115
53113235
53113255
53113256
53138919
53138922
53138923
53138924
53138927
53138931
53138932
53138933
53138934
53138938
53156352
531577
53195852
53195853
532324
5325108
5326665
5326670
5326671
53282015
53282019
53282022
53282025
53282028
53282031
53282034
53282037
53282041
53282044
53282047
53282051
53309926
53315977
53316008
5333039
53332224
5333391
53337814
53337816
53337817
53337819
53337823
53337827
53354729
5336047
5336050
53379322
53379326
53379351
53379352
53379368
53379791
53379800
5339504
5339507
5339559
5339568
5342685
53437188
53437190
5344933
53453841
53453842
53453846
53453848
53453852
53453859
53453861
53453863
5345434
5346016
53542493
53548456
53548597
53599091
53599110
53599118
53599206
53599337
53601402
53654284
53754070
53754072
53754096
53754115
53783599
53783601
53783602
53783603
53783604
53783605
53783664
53783665
53783666
53783667
53783668
53783669
53783670
53783671
53783672
53783673
53783674
53783675
53783676
53783677
53783678
53783679
53783680
53783681
53783682
53827104
538301
538688
53903876
53903879
53908069
53928961
53928974
539403
53977072
53991396
53991735
54054952
54056015
54058409
54089568
54201239
54234993
54241445
54241453
54241458
54295229
54295231
54295232
5434037
5434038
54357868
54357870
54357872
54357875
54357878
54357880
54370970
5440169
5441521
54416859
54416879
54416948
5443107
5444664
5448040
54492290
54498410
54498415
5451119
54511757
5451863
54523528
54523529
54523530
54523531
54523532
54523533
54523534
54523535
54523536
54523537
54523538
54523539
54523540
54523541
54523542
54524317
54532427
54534282
54534283
54534284
5453744
54539754
54543800
5455186
5455364
5456734
5459776
54608697
54615074
54615075
54615076
54615077
54615078
54615079
54615080
54615081
54615082
54615083
54615084
54615085
54633497
54633498
54633521
54635416
54635419
54635422
54635425
54635428
54635431
54635434
54635435
54635436
54635437
54635438
54635439
54635440
54635441
5468149
54694361
54694368
54694372
54694374
54694379
54694380
54694394
54694402
54694410
54694418
54694420
54740524
5478361
5479746
54831872
54831894
54869954
54869962
5489017
5491273
5491888
5493115
5494159
54948324
54948325
54948350
54948356
54948380
54948388
5497657
54988891
54994754
54994755
54994765
54994766
54994767
54994769
54994783
55000901
55000904
55000905
55000910
55000913
55000918
55000919
55000923
5502039
5504730
5505745
55074132
55074133
55074142
55074704
5509136
5512625
5514799
55154852
55184128
55184131
55184132
55190583
55235885
55235898
5527226
55273294
55273299
55273311
55273312
55292719
55330330
55330348
5538415
5541056
554263
55427221
55427248
55427256
55427257
55427258
55427259
55427260
55427262
55427263
55427264
55427266
55427267
55427268
55427270
55427271
55427297
55427298
55427299
55427300
55427301
55427302
55427303
55427304
55427305
55427306
55427307
55427308
55427309
55427312
55427313
55427314
55427315
55427316
554295
554348
554351
554357
554358
554359
554362
554366
554431
554434
554577
554585
554643
554718
554719
55474592
554830
554837
554874
554877
554880
554881
554886
55495135
55495140
55495145
55495150
55495161
55495189
55495190
55495222
55495225
55498625
55498974
5551191
55549521
55549524
55555206
55555368
55555530
55570602
55602244
55613303
55622774
55622777
55623613
55623617
55623621
55623626
55623628
55623629
55623630
55623631
55623632
55623633
55623634
55623636
55623637
55623638
55623639
55623640
55623642
55623643
55623644
55623645
55623646
55623647
55623648
55623740
55644373
55644378
55644393
55655918
5566080
5567386
55677429
55677512
55677514
55677529
55689032
55695114
55695115
55695116
55695117
5573075
55808535
55824709
55824777
55824795
55869610
55869760
55902570
55902571
55913533
55924300
55924302
55924305
55924307
55924309
55924311
55924314
55928018
55928796
55934598
55935578
55968689
55990577
56000444
56000445
56000446
56000447
56000448
56000449
56000450
56000451
56000452
56000453
56000454
56000455
56000456
56000457
56000458
5605758
56068683
56068684
56068685
56086546
56107307
5654417
5675786
5677618
5677619
5685384
5685387
5697219
5712712
5712713
5713937
5744390
575800
578424
578425
578430
5802530
5802532
5802663
5804426
5808002
5809412
5819795
591665
592522
595027
595028
595029
6210021
627908
629290
629291
63667
639642
639643
640440
641030
641092
641543
641747
642042
642990
643095
643097
643650
643651
645066
645073
645074
645075
645491
645501
648442
656552
656566
656568
656582
656728
656749
656777
656778
656779
656780
661962
661963
663987
663997
664028
664029
664037
664047
664050
664056
664058
664060
664061
664079
664117
664119
664150
664151
664152
6642354
665171
665174
666767
667357
667358
6674131
6675544
673308
673632
673634
674432
674567
674568
68307
69439
69440
698103
7045498
70924
7155429
7155790
715858
718922
718951
721194
721201
721248
721249
721268
721269
721274
721292
721296
721308
721318
721336
721337
721352
721360
721426
721921
722000
722049
722109
722311
722317
722318
722319
722320
722323
722324
722327
722334
722338
722343
722344
722345
722351
722363
722388
722398
722412
722421
722429
722430
722445
722452
722454
722455
722458
722466
722470
722530
722531
722537
722538
722541
722551
722552
722554
722555
722581
722620
722630
722631
722641
722642
722654
722714
722716
722728
722729
722772
722780
722788
722789
722811
722820
722825
722838
722845
722846
722849
722897
722900
722901
722908
722909
722912
722914
722921
722928
722932
722935
722952
722958
723038
723124
723166
723198
723263
723265
723286
723287
723294
723309
723312
723322
723342
723351
723357
723365
723408
723412
723420
723459
723462
723469
723471
723480
723493
723494
723572
723678
723695
723957
724006
724011
724131
724143
724144
724229
724295
724315
724317
724320
724332
724497
724499
724510
724518
724519
724520
729196
729202
744944
744954
749239
760969
761884
761890
761891
761898
763394
76609
767482
774628
774697
774746
774748
780079
781938
781946
781951
781958
781960
781989
781992
782059
782324
782438
782473
782477
782767
783142
783245
783327
783747
783749
783750
783751
783912
784479
784480
784483
784490
784491
784493
784904
785793
785794
785937
788871
788931
7917359
7979720
7989169
7990700
7991253
8004873
801636
801690
80332
80345
80347
80352
80353
8234298
8272095
828056
828057
829872
830097
830428
830726
830731
830732
830796
830798
83606
836887
837044
83764
83765
83766
838021
838022
8421643
8521567
8546177
8556086
855852
855909
8560922
8560923
8560924
8560928
8560929
8560930
8561920
8574776
8579714
8579923
8586772
8587936
8588563
8588564
8590139
8590140
8590264
8622859
8623197
8623202
8624103
8631792
8631793
8634832
8634858
8635179
8635186
8638949
8639077
8650490
8651924
8668645
8677557
8677558
8677646
8685741
8685742
8688933
8695762
8700425
8700683
8700686
8700713
8700755
8701683
8701684
8705242
8713333
8717677
8721090
8728521
8749785
8749786
8749787
8751125
8751126
8754164
8757224
8758578
8764902
8765010
8765011
8765012
8765013
8765014
8765015
8765016
8765017
8765018
8765019
8765020
8765021
8765022
8765023
8765024
8765025
8765026
8765027
8770741
8770742
8771528
8772246
8772303
8772304
8772314
8774502
8776157
8777472
8778437
8779613
8779682
8779683
8780246
8780482
8797010
881968
881969
881971
881973
881974
881975
8837662
8837663
8844882
8845283
8845284
8846184
8846235
8847938
8850790
885432
885433
885436
885437
885455
885456
885459
885463
885466
885467
885468
885469
885471
885472
885477
885478
885479
885481
885482
885483
885485
885492
885493
885494
885495
885496
885497
885498
885499
885500
885501
8862537
886536
886537
886578
886579
886580
886581
886681
886682
8873891
8876772
8878713
8881541
8881543
888381
888382
8890413
8890414
8890415
8894708
8895149
8897467
8899582
8899584
8911108
8911359
8912680
8912718
8913673
8917189
8917260
8917672
8918542
8918546
8918607
8918897
8919333
8919340
8919341
8919409
8919432
8919486
8919622
8919696
8919724
8920148
8920637
892673
8927700
8927701
8927702
8927703
8928848
8928849
8928851
8928852
8928858
8928871
8928872
8928873
8928874
8928875
8928876
8928877
8928878
8938671
8946668
8946669
8946670
8954487
8954796
8959166
8963240
896541
8969584
8969641
8969758
8970682
8972323
8973934
8976019
8976577
8977882
9006157
9007229
90082
9008509
9018857
9023710
9023719
9023725
9023732
9023733
90254
9026292
9059060
9059061
9059062
9059063
9059669
9061297
9082678
9082680
9082681
9082682
9082683
9082684
9082685
9082687
9082688
9082690
9082691
9082692
9082786
9082787
9082788
9086692
9086700
9086718
9090902
9135231
9135232
9136092
9136099
9136100
9136101
9136102
9158902
9158912
9158913
9158914
9160207
9160325
9162063
9163273
9164018
9164525
919017
9191650
9191651
9192264
9194178
9194179
9194185
9194188
9194189
9194190
9194191
9194192
920534
9212143
9213598
9218364
9219537
922910
924159
924161
924310
9251762
9252522
9264484
9264490
9276118
927729
927730
927731
927732
927733
927734
927735
927738
927739
9279312
928006
9280921
9281582
9282171
9282364
9282365
9283101
9283258
9283894
9284017
9285254
9285446
9285809
9287014
9304116
9309273
9309493
9311296
9316768
9317517
9317518
9317519
9317520
9317521
9317522
9317523
9317524
9318577
9318579
9319389
9319390
9319855
9319857
9328020
9328980
9329339
9333606
9334198
9334199
9335057
9335062
9335068
9335069
9335070
9335078
9335087
9335117
9335123
9335124
9335130
9335134
9335136
9335138
9335141
9335152
9335158
9335159
9335166
9335167
9335168
9335169
9335170
9335539
9338462
9338710
9338711
9339745
9340886
9340893
9340916
9340991
9340993
9341029
9341032
9341041
9341061
9341121
9341247
9345767
9347586
9347587
9350825
9352468
9353176
9354228
9358780
9359769
9360120
9361073
9363799
9379487
9379490
9379491
9379492
9379493
9379494
9395628
9397466
9397469
9397473
9397474
9397475
9397476
9410792
9412227
9422525
9423581
9427438
9428459
9429047
9429259
9429510
9433311
9434065
9434800
9457550
9457551
9461301
9461303
9461309
9461310
9461317
9462298
9462299
946538
946568
946569
946570
946571
946577
946578
946582
946585
946586
946587
946588
946590
946592
946593
946594
946595
946596
946597
946598
9470063
9470064
947114
947115
947116
947203
947204
947205
947273
947274
947275
9473498
9473503
9473504
9474094
9474180
9474181
9474463
9476001
9476002
9476946
9478431
9478433
9478619
9478620
9478621
9486831
9488031
9488348
9491564
9492187
9503458
9503459
9503761
9506028
9506038
9506039
9506040
9506041
9506042
9506044
9506045
9506047
9506056
9506070
950632
950636
950641
950642
9507263
9507418
951001
9519638
952322
9527289
9527290
9527291
9527292
9531381
953391
953424
953448
953449
9535636
953600
953808
9540603
9540631
955028
9581156
9590610
9593952
9594699
9599397
9607548
9607549
9618981
962620
962621
9641376
9643986
9646552
9646604
9655092
9655093
9659129
9661356
9661370
9694619
9695440
9697912
9698454
9698455
9699488
9699489
9699490
9699491
9699978
9699979
9718105
972488
972786
974444
974577
9748808
9749304
9749838
9750260
9764114
9764720
9764722
9772452
977343
9783676
9784125
9785957
9786473
9786474
9786475
9786476
9786477
9788289
9792541
9792542
9792543
9792544
9792545
9792546
9796906
9797434
9799645
9799659
9804984
9804993
9805025
9805026
9805027
9805029
9805030
9805033
9805034
9805037
9805038
9805041
9805042
9805043
9805054
9805056
9805521
9805535
9808309
9808877
9808878
9808879
9808880
9811045
9811168
9811238
9811243
9811245
9811246
9811247
9811737
9817320
9822369
9823476
9823606
9824168
9824376
9825141
9825298
9825311
9826440
9827459
9827507
9829202
9855543
9855964
9855965
9856087
9856409
9856766
9857731
9857758
9880392
9915122
9947362
9956655
9956656
9975016
9975017
9980833
9980834
9994751
9994798
9996392
9996406
9996920
9996921
9997266
9997612
9997742
9998795
9998880
9999148
9999666
