10009198
10084011
101190
10146284
10162862
10167002
10168524
101715
1017262
10196293
10203818
1021100
1021101
1021436
1021583
10233792
1023463
10244300
1024911
10251170
10254545
10256614
1025796
1025865
1025922
10260713
10262229
10263550
10269543
10269927
10270255
10270673
1027339
1027340
1027341
1027343
1028047
1028195
1028487
1028489
1029002
1029013
1029131
1029410
1029458
1029534
1029636
1030016
1030031
1030085
1030123
1030291
1030295
1030538
1030543
10325515
10325562
10325565
10356106
1038597
10388843
10391827
10391833
10399384
10399387
1040048
1040086
1040413
1040420
1040687
1041279
10415384
1041963
1042183
1042247
10426220
10426221
10426222
10426223
1042646
1042652
1042940
1043137
1043380
1043676
1044142
1044185
1044186
1044431
1044444
1044576
1044613
1045044
1045116
1045311
1045337
1045358
1045420
1045421
1045457
1045616
1045654
1045839
1045859
1045861
1045890
1045934
1045992
1045993
1046025
1049156
1052213
1053272
1054475
1054707
1054743
1054751
1054937
1055144
1055366
1055377
1055432
1055606
1055611
1055615
1055679
1055731
1055792
106365
1064314
1064320
1065119
1065285
1065292
1065972
1065973
1066434
1066475
1066477
1066612
1066957
1067175
1067405
1068839
1072358
1072457
1075520
1076063
1076870
1076893
1084948
1085308
1085497
1086688
1086838
1086942
1087764
1087858
1087943
1087972
1088005
1088224
1089679
1089969
1090667
1091837
1094254
1096078
1098112
1098115
1098144
1098160
1098162
1098164
1098194
1098240
1098255
1098259
1098360
1098437
1098477
1098501
1098557
1098784
1098887
11003247
11008655
11009590
11009591
11011964
110283
1104003
11040832
1104509
1105246
1105631
1105939
1106008
1112123
1112394
1113674
1114834
1115304
1116281
1116697
1116997
1122291
1123594
1124002
1124125
1124212
1124236
1124423
1124510
1124547
1124680
1125043
1125401
1125638
1125950
1126200
1126398
1126801
1126949
1127617
1127630
1128205
1128488
1128774
1128939
1129184
1129434
1129440
1129449
1129641
1129745
1129812
1129937
1130027
1130110
1130228
1130711
1131178
1131504
1131687
1131692
1132303
1132489
1133359
1133618
1135331
113638
1139321
1140543
1142254
1142387
1145166
1146322
1146985
1147940
1148469
1150685
1152277
1153094
1153574
1153908
1154036
1154121
1154146
1154496
1154623
1154648
1154996
1157984
1158595
1158674
1158687
1158719
1167813
1168039
1168040
1168354
1178477
1178502
1178599
1178687
1178854
1178944
1179106
1182370
1184596
118582
1187270
1187571
1187908
1187935
118820
1194036
1194616
1195441
1195549
1196113
1212939
1219148
1219340
1224007
122647
1227760
1235815
1236027
1236883
1236903
1236913
1246465
1246799
1250340
1251160
1252984
1256069
1256251
1263148
1263149
1263654
1273171
1274366
1276558
1277571
1277707
1281554
1305038
1306316
1309664
1315132
1320541
1320634
1320654
1320655
1320656
1320657
1320661
1320665
1320675
1320676
1320677
1320678
1320680
1320681
1320683
1320684
1324779
1325026
1327086
1327120
1330755
1330756
1330757
1330758
1330759
1331083
1331502
1332683
133574
1342490
1342508
1346388
1346401
1346402
1346590
1347619
1356727
1357971
1361334
136262
1364727
1365981
1366086
1366087
1366143
1369798
1369833
1371493
1372538
1373778
1373779
1374357
1374663
1374872
1374941
1375167
1375168
1375786
1375830
1375933
1381258
1381289
1381821
1381933
1384216
1385738
1385769
1385790
1391170
1400617
1407037
1407607
1408843
1408864
1408894
1408940
1409000
1409036
1409051
1409106
1409186
1409189
1409193
1409328
1409425
1409447
1411567
1415927
1416163
1416627
1418461
1418564
1421678
1431649
1436682
1436773
1437259
1445584
1447530
1451292
1452031
1452271
1452509
1463389
1464308
1465012
1465606
1465612
1465650
1474531
147807
148166
153418
1539295
154383
157473
1580022
1580965
1581079
1582551
1582964
1582967
1583504
1583533
1589561
1591398
1593339
1594487
1594912
1594936
1594937
1594975
1594977
1594987
1594988
1594998
1594999
1595001
1595002
1595065
1595066
1598429
1598569
1601145
1601279
1601393
1621992
1623758
1629588
164583
1661664
1662262
16766
16767
1745441
1771217
1772572
1791033
1812474
1824003
1834618
1837319
184647
185102
1861061
1865209
1865980
186664
1875102
1881902
1891259
1891496
1891583
1954791
1956907
1958080
1960871
1964780
19692
19703
19709
19710
19727
1973410
1973466
199497
20061
2013952
2013953
201540
201776
201787
2021601
202931
2044534
2052402
205260
2062945
2062947
2064952
2073411
2098443
2098900
2099376
2104314
2104321
2105342
2106261
2112126
2124763
2134619
2155676
2155888
2155889
2155890
2163466
2164732
2166550
2166693
2168130
2180178
2183420
2190609
2190795
2203648
2206065
2210382
2211206
2224058
224790
2264514
2264515
2271013
2271035
2271585
228990
2293988
2300667
2305231
2308137
2325468
2326601
2327012
2429635
2437154
2437156
2437772
2438121
243838
243868
244198
2444409
245796
245801
2461625
2462670
246276
2470933
247245
247465
247975
2483880
248778
248805
249096
2495834
249636
250464
250580
2510109
251207
2521931
2523539
252460
253250
2544684
2550079
255261
2557143
256238
256291
256320
2564954
256764
256791
2569811
2572827
2574013
25780850
2584205
2590870
2591137
25922536
25922542
259267
2593563
2599232
2601872
2613200
2622076
2622632
262291
2627647
2652877
2656070
2657079
2657281
2690688
269527
2727895
2744134
2759190
2768744
2768914
2781604
2794453
2794562
2794975
279704
2800841
28030321
28030322
2815326
283086
2834781
283490
2838418
28691621
28691623
2885255
288550
2895726
2898120
28989332
2904395
2906163
2906166
2906172
2919174
2959517
2970964
297928
2987496
2996145
2998788
3004686
3004982
3005665
3009121
3009122
3009123
3010884
3011457
3012678
3014853
3015438
3037242
3044513
306445
3077884
3078806
3078807
3078808
3079189
3079190
3079601
3079602
3080370
3080371
3080372
3081252
3082106
3082107
309576
3103964
3105871
3106060
3106112
3106184
3114150
3116296
314033
3159533
3161712
3161884
3166610
3167310
3169141
3169365
3170663
3172798
3185504
3194639
3226850
3231502
3231928
3231929
3233716
3234101
3244606
3244607
3251912
3251940
3252643
3253699
3254147
3254321
3254676
3254710
3254718
3254719
3255568
3255989
3259902
3260087
3261562
3261720
3262840
326783
329988
3318624
3318629
333027
333611
333693
335181
3358891
3409327
3409338
341326
3427171
3442115
3454878
3456338
3459434
346021
3461967
3476431
3477856
3477857
3480037
3480057
3480059
3480063
3480067
3480069
3480070
3480071
3480072
3499095
3506371
3506372
3508769
3541803
3550322
355493
3561617
356481
357896
3588860
3615539
3615579
3616288
3623166
3635562
3636104
3651519
3661915
3667190
3667588
3667666
3668105
3668282
3678934
3683634
3710189
371570
372552
3741161
3742123
375303
375347
375855
376042
3811613
3821823
3821955
382280
382899
3838126
385635
3864007
3864009
3865542
389926
3899413
3923539
3927865
3929095
3944213
3947887
3967329
3993472
3999621
4000291
4000763
4005808
4036953
4036954
4038537
4040972
4041020
4041095
4041550
4042270
4042940
4043136
4043182
4045227
4045230
4045279
4045285
4045287
4045288
4045306
4047416
4048200
4048287
405141
4053768
4058578
4058661
4060046
4060047
4060049
4060050
4062136
4062139
4062174
4062179
4062180
4062185
4091984
4102898
4118844
4129232
4129270
4129577
4130363
4130364
4130795
4130894
4130914
413776
4140805
4140917
4143442
4143466
4143467
4143792
4159197
4186688
4188112
4192394
4207610
4212083
4212269
4213390
4217992
4220680
4221293
4221723
4224413
4226366
4227501
4227502
4232932
4233050
4233153
4238721
4282018
4306833
4307189
4308914
4311395
4311410
4311575
4311596
4311665
4312039
4312388
4312558
4312850
4314907
4315417
4316729
4317515
4317524
4324997
4325144
4325395
4325396
4325712
4326169
4326378
4327014
4327043
4327642
4329893
4329906
4330477
4339670
4342997
4377772
4386979
4386980
4390379
4390440
4390601
4390837
4390849
4393810
4394336
4394338
4394369
4394382
4394387
4394389
4394400
4394401
4394432
4394477
4394717
4394828
4395466
4395499
4395675
4395680
4395687
4395688
440022
4401667
4401668
4401671
4408507
4408927
4469323
4470245
4470359
4470410
4470411
4471198
4472212
4472213
4477035
452057
4542769
455755
4592781
4594282
4610670
464743
4659295
466137
4673838
4675852
4691567
4696177
4727360
473677
4770054
4805419
4846205
4846228
4848116
4852656
4904485
4906240
4908450
4915600
4932279
4932864
4933253
4936152
4936153
4936924
4936925
4951529
4959253
4961609
4964323
4965142
4965653
4966872
4966873
4967030
4974590
4974770
4974771
4974772
4979467
500149
5002188
501552
503860
504596
5051629
5052379
5052649
5053841
5054191
5054260
5055468
5055472
5055473
5056018
5056136
5056972
5058672
5058684
5059181
5059208
5060400
5060435
5060580
5062880
5063717
5064609
5065173
5065174
5065243
5066358
5067270
5067531
5067861
5068029
5068567
5069088
5069099
5069734
5069769
5069936
5070105
5070172
5070283
5070287
5070483
5070649
5070727
5070731
5070830
5070893
5070910
5071166
5071301
5071375
5071376
5071377
5071540
5071541
5071676
5072052
5072174
5072374
5072614
5072862
5073095
5073187
5073192
5073374
5073384
5073543
5073544
5073563
5073940
5074012
5074200
5074201
5074491
5074748
5075039
5075104
5075210
5075225
5075252
5075256
5075270
5075408
5075428
5075696
5075744
5075766
5075977
5076037
5076125
5076132
5076453
5076904
5077724
5077725
5077827
5078281
5078327
5078336
5078939
5079426
5079827
5088363
509274
5094368
5094595
5095342
5095354
5095358
5105848
5114747
5126655
5126806
5138275
5161928
5163415
5166492
5186003
5186417
5186562
5186563
5186664
5190585
5191870
5191871
5194066
5194073
5194085
5194509
5195214
5196626
5196745
5197347
5198948
5199665
5199675
5199710
5199838
5199921
5200542
5200546
5200956
5201378
5201426
5202098
5202463
5205273
5205276
5205317
5205318
5205501
5205792
5206481
5206655
5208323
5208524
5208720
5212315
5212333
5212738
5218349
5218386
5218733
5218734
5219116
5219135
5219246
5219851
5219852
5219853
5219946
5219951
5219958
5219991
5221466
5221968
5222045
5222645
5222809
5223404
5223441
5223442
5223499
5223632
5223772
5223824
5223925
5224295
5224348
5224614
5224669
5224825
5224897
5225122
5225207
5225224
5225375
5225461
5225693
5225892
5225943
5225951
5226034
5226090
5226134
5226471
5226522
5226588
5226771
5226966
5226967
5227231
5227461
5227564
5227614
5227749
5228113
5228114
5228117
5228118
5228408
5228555
5228556
5228745
5228883
5228923
5229174
5229334
5229449
5229609
5229677
5229680
5229833
5230271
5230403
5230814
5230837
5230938
5230961
5230989
5231182
5231306
5231338
5231364
5231413
5231466
5231468
5231491
5231579
5231691
5231765
5231958
5231993
5231994
5232047
5232299
5232381
5232419
5232420
5232454
5232529
5232568
5232613
5232675
5232990
5232991
5233071
5233090
5233198
5233199
5233200
5233276
5233297
5233517
5233897
5233898
5233942
5234139
5234151
5234236
5234334
5234335
5234728
5234800
5234801
5235059
5235182
5235199
5235420
5235472
5235475
5235561
5235803
5235815
5235816
5236031
5236085
5236268
5236269
5236426
5236595
5236891
5236897
5236935
5237146
5237725
5237779
5237807
5237837
5237852
5237860
5238134
5238189
5238400
5238753
5239098
5239302
5239329
5239619
5239700
5239794
5240027
5240187
5240206
5240207
5240286
5240764
5241020
5241143
5241205
5241231
5241434
5241447
5241481
5241505
5241511
5241672
5241673
5241682
5241770
5241849
5241990
5242020
5242381
5243116
5243267
5243541
5243631
5243857
5244095
5244096
5244211
5244297
5244298
5244385
5244386
5244411
5244494
5244588
5244631
5244640
5244721
5244791
5245039
5245077
5245341
5245361
5245367
5245371
5245391
5245410
5245474
5247074
5247075
5248042
5248222
5248733
5249638
5250286
5252608
5252674
5252783
5252916
5253049
5253057
5253058
5253245
5253335
5254208
5256099
5256178
5256217
5256689
5256838
5256973
5259388
5259582
5259583
5259584
5259585
5259586
5259587
5260402
5260642
5260670
5260680
5260908
5261183
5261901
5261902
5261903
5261929
5262603
5262606
5262640
5262655
5263212
5265057
5266706
5267606
5267695
5267994
5268035
5268644
5269047
5269289
5269303
5269315
5269316
526963
5270171
5270181
5270182
5270185
5270186
5270187
5270190
5270215
5270267
5270499
5270516
5271576
5273100
5273177
5274881
5275135
5275244
5275276
5275575
5275587
5275709
5277478
5277556
5277597
5277738
5278450
5278452
5279879
5280429
5280782
5281033
5281051
5284775
5284864
5285040
5286430
5288382
5288405
5288553
5288700
5288732
5289563
5290056
5290492
5290776
5291100
5291120
5291194
5291752
5291946
5292022
5292023
5292350
5292605
5292807
5292870
5292871
5293102
5293103
5293109
5293195
5293481
5293482
5293707
5293708
5293814
5293876
5293953
5294066
5294081
5294082
5294403
5294575
5294576
5294807
5294908
5294931
5295013
5295347
5295401
5295402
5295462
5295559
5295841
5295931
5296075
5296492
5296524
5296639
5296831
5296917
5296961
5296963
5297120
5297204
5297205
5297355
5297537
5297562
5297585
5297614
5297659
5297680
5297857
5298000
5298074
5298080
5298178
5298349
5298351
5298423
5298463
5298518
5298522
5298556
5298572
5298619
5298799
5299037
5299049
5299354
5299372
5299379
5299608
5299632
5299689
5299773
5299976
5300386
5300438
5300502
5300583
5300617
5300629
5300776
5300810
5300951
5301161
5301190
5301208
5301231
5301317
5301400
5301418
5301439
5301559
5301667
5301776
5301937
5302024
5302149
5302189
5302374
5302450
5302808
5302886
5302893
5303383
5304017
5304169
5304669
5304740
5304741
5304893
5305331
5305523
5305816
5305826
5305946
5305947
5306273
5306629
5306789
5307601
5307658
5307663
5307972
5308365
5308476
5308481
5309286
5309964
5310123
5310234
5310251
5311203
5311211
5312714
5313999
5316146
5316153
5316693
5316892
5318022
5318023
5318024
5318026
5318032
5318033
5318034
5318037
5319123
5319124
5321538
5322374
5322684
5323076
5323428
5323853
5324389
5324404
5324540
5324809
5324979
5325288
5325455
5325544
5325710
5333300
5334489
5335863
5336977
5336978
5338109
5339300
5339315
5339830
5340425
5340598
5341427
5341571
5341598
5341647
5342252
5342326
5342430
5342570
5342577
5342739
5342827
5343145
5343184
5343245
5343352
5343403
5343449
5343643
5343949
5344077
5344189
5344280
5344284
5344873
5345125
5345130
5345213
5345386
5345482
5345488
5345562
5345605
5345737
5345764
5345983
5346006
5346010
5346012
5346027
5346081
5346150
5346172
5346180
5346235
5346239
5346251
5346711
5346768
5346870
5346945
5347137
5347226
5347472
5347621
5347760
5347847
5347910
5347963
5348194
5348407
5348459
5348674
5348994
5349007
5349021
5349084
5349163
5349170
5349171
5349409
5349676
5349858
5350043
5350089
5350206
5350220
5350221
5350298
5350303
5350355
5350374
5350677
5350825
5350898
5350934
5350939
5351133
5351144
5351211
5351365
5351366
5351415
5351449
5351458
5351594
5351810
5351873
5351875
5351884
5351898
5351915
5351936
5352027
5352269
5352461
5352563
5352672
5352680
5353021
5353146
5353147
5353157
5353320
5353448
5353789
5353849
5353920
5354060
5354231
5354252
5354562
5355346
5355622
5355677
5355701
5355712
5356988
5356989
5357149
5357578
5358062
5358063
5358169
5358556
5359187
5359327
5359501
5359825
5360904
5361690
5363293
5363294
5363295
5363766
5364054
5364132
5364133
5365255
5365390
5365391
5365452
5365576
5365735
5365736
5367451
5367452
5367453
5367612
5370044
5371825
53730
5373332
5373514
5374420
5374427
5377054
5379502
5380430
5381229
5381234
5381236
5381239
5381247
5387734
5387826
5387835
5388731
5388757
5388798
5388956
5389254
5389937
5390204
5390205
5390206
5390207
5390208
5390209
5390297
5390594
5390801
5390802
5391483
5391484
5391777
5391870
5393126
5393697
5394554
5394561
5395292
5396551
5397051
5397116
5408694
5413577
5415674
5417004
5417351
5420592
5420618
5430571
5474504
549969
552560
5537439
5537440
5537443
5587221
5690232
5690233
5728191
5728192
5728193
5728195
5728203
5748979
5748980
5749295
5749296
5753731
5754051
5754398
5754861
576166
5762447
5762448
5769758
5769762
5769764
5771472
5771474
5776509
5782272
5782289
5782514
5782540
5787558
5787559
5787560
5787561
5787757
5791467
5791733
5791739
5794900
5795410
5796039
5796040
5796389
5798838
5799061
5799062
5799063
5802543
5803736
5817935
5817936
5817937
5817938
583338
5853240
5853323
604260
6162707
6162708
6162709
6162710
6209185
6211613
6211653
6230966
6231135
6231151
6269923
6274090
6274094
6274107
6274125
6274126
6274132
6274368
6275605
6276526
6276639
6277048
6277052
6278601
648535
648845
655392
66204
66207
6683089
670439
670739
6727224
6727234
672848
674995
6750636
6758157
6760826
6760827
6760828
6760829
6760830
6760831
6760832
6760835
6760836
6760837
6760839
6761478
6761754
6762402
6762509
6763116
6764126
6764654
6765031
6765033
6766757
6776560
6776561
6776562
6776563
6778601
6778603
6781244
6781251
6781307
6781576
6781638
6781700
6781742
6781746
6782279
6782526
6782690
6782691
6782745
6782753
6782767
6782768
6782769
6782770
6782823
6782890
6782923
6782962
6783000
6783830
6784417
6784791
6784867
6785314
6786086
6786223
6786230
6786232
6786253
6786283
6786290
6786854
6786855
6786900
6786907
6786917
6786918
6786919
6786921
6787351
6787355
6787467
6787539
6787564
6787570
6787699
6787738
6788638
6788844
6788849
6788992
6789157
6789312
6789672
6790008
6791197
6791249
6791683
6791809
6791832
6792258
6792678
6792791
6792804
6792965
6793389
6796103
6796104
68121
6925359
6933804
6941182
6941430
6941433
6960109
6963459
6963681
6975599
6978214
6978219
697961
6983340
7049918
7055575
7058622
7059148
7061294
7061295
7068308
7072211
7080147
7080148
7086027
7093444
7099305
7103014
7103483
7103484
7105230
7109920
7114330
7114347
7124271
7124424
7127847
7132640
7133270
7133271
7133605
7133945
7139357
7146545
7146590
7147277
7147987
7147994
7148490
7148492
7148493
7149681
7149685
7151532
7152775
7197500
726269
726297
726301
73088
732287
7451912
7464958
7473527
7482761
7495728
7496812
752258
7537761
7537810
7537857
7538190
7538437
7538595
7538793
7538794
7538795
7538796
7538797
7538798
7538799
7538800
7538801
7538802
7538803
7538805
7539901
7539908
7539933
7540150
7540151
7540345
761876
7654245
765584
7657085
765947
766904
7673814
783894
789434
7922020
7954089
7954140
7954141
7954205
7955256
7955286
7955289
7955305
7955306
7955488
7955531
7955599
7955875
7955876
7957092
7957093
7957411
795836
7958366
7958855
7959337
795954
7961013
7961014
7961015
7961016
7961134
7961135
7961524
7961525
7961604
7961864
7963301
7963564
7963827
7966576
7966577
7966578
7966579
7966580
7966581
7966582
7966583
7966584
7966585
7966586
7966587
7966588
7967013
7967018
7967022
7967557
7969798
7970434
7970435
7971832
7971833
7971847
7973809
7973810
797682
798275
7984928
7984929
7985092
7985093
8051181
806621
808116
8104033
81703
817635
823887
824935
824936
8261890
8267223
827691
8296373
831004
8311504
8313397
8313398
8313405
8315045
836622
8426349
8426351
8426352
8434823
8436183
8436317
8449939
8449940
8452832
8456858
8458072
8491820
8491821
8491822
8500012
8500017
8500018
8500023
8500025
8500095
8516286
8519284
8519292
8519437
8519442
8519471
8519476
8519576
8519578
8519667
8519669
8519672
8519677
8519699
8519748
8519763
8519853
8520051
8520064
8520074
8520076
8520110
8520169
8520198
8520318
8520322
8520430
8520437
8520544
8520546
8520565
8520592
8520633
8520674
8520700
8520744
8520745
8520760
8520826
8520868
8520871
8520969
8520970
8521003
8521259
8521282
8521361
8521394
8521598
8521677
8521703
8521830
8521959
8522070
8522105
8522217
8522253
8522672
8522804
8523009
8523050
8523136
8523469
8525956
8526092
8526230
8526301
8526353
8526395
8526425
8526666
8526731
8526802
8526803
8526812
8527352
8528293
8528755
8529051
8529149
8530149
8530796
8531400
8531406
8532102
8532147
8532185
8532189
8532570
8532636
8532822
8532833
8532852
8533034
8533093
8533147
8534885
8534913
8534938
8534987
8535124
8535490
8535551
8535584
8535688
8535689
8535782
8535934
8536013
8536146
8536182
8536248
8536755
8539695
8539764
8540346
8540426
8540798
8541202
8541273
8541997
8542032
8542144
8542231
8542394
8545396
8545417
8545474
8545482
8547458
8547527
8547576
8548528
8554067
8554298
8555155
8558252
8559116
8559540
8559559
8561817
8561818
8561820
8561821
8561822
8561823
8561826
8563165
8564107
8565763
8566050
8566096
8568350
8568403
8568415
8568855
8569237
8571275
8571297
8571301
8571302
8578332
8578812
8580170
8580172
8580438
8580439
8581974
8582030
8582699
8582904
8582911
8583005
8583061
8583417
8583772
8583773
8584010
8585005
8585499
8585654
8585789
8585878
8585930
8586033
8586069
8586115
8586180
8586449
8586451
8586476
8586574
8586584
8586781
8586845
8587032
8587080
8587426
8587572
8587573
8587766
8587787
8587920
8588161
8588172
8588463
8588520
8588532
8588575
8588581
8588637
8588728
8588793
8588851
8588852
8589048
8589093
8589101
8589206
8589208
8589288
8589419
8589792
8590361
8590446
8590515
8590561
8590835
8590838
8590839
8590853
8590987
8590999
8591100
8591101
8591102
8591497
8591665
8591930
8592125
8592246
8592723
8592870
8592965
8592966
8593122
8593135
8593447
8593536
8594005
8594012
8594169
8594436
8594753
8595086
8595306
8595395
8596169
8596970
8597272
8597273
8597381
8597454
8597601
8597805
8599618
8600248
8600255
8600606
860062
8600858
8601993
8602474
8602850
8602925
8603392
8603699
860423
8604404
8604956
8605106
8605152
8605161
8605175
8605183
8605184
8605185
8605206
8605307
8605308
8605569
8605687
8608799
8609717
861118
8611210
861124
8611392
8611452
8611453
8611550
8611784
8611903
8612568
8612929
8612955
8612978
8613308
8613369
8614462
8614782
8614973
8615419
8615420
8615526
8615734
8615735
8615999
8616700
8616703
8616705
8616713
8616714
8616716
8616717
8616718
8616719
8616721
8616722
8616723
8618017
8618085
8618627
8618628
8618690
8619333
8619689
8619690
8619691
8619724
8619866
8619875
8619956
8619987
8620397
8620436
8620437
8620439
8620731
8620755
8621078
8621274
8621355
8621797
8622021
8622475
8622625
8622626
8622689
8622912
8623119
8623129
8623295
8624202
8625874
8627524
8627758
8629309
8629589
8630305
8630306
8630309
8630310
8630311
8630315
8630320
8630324
8630328
8630331
8630334
8631107
8631111
8632292
8632296
8632415
8632461
8632582
8632833
8637428
8638232
8639257
8640553
8640558
864234
8643226
8644207
8644424
8644425
8644569
8644688
8644992
8645211
8645520
8645794
8645939
8646280
8646614
8646750
8646751
8646752
8646800
8646887
8646987
8646997
8647012
8647045
8647136
8647137
8647467
8647522
8647628
8648135
8648202
8648287
8648300
8648770
8649028
864919
8649281
8649297
8649364
8649440
8649543
8649686
8649771
8649801
8649825
8649888
8650206
8650284
8650516
8650518
8650653
8650659
8651142
8651143
8651638
8651899
8652129
8652315
8652806
8652915
8653343
8653351
8653460
8653827
8653828
8653908
8654056
8654258
8654387
8654393
8654591
8654732
8654844
8654941
8654942
8655091
8655272
8655273
8655276
8655296
8655520
8655578
865566
8655865
8656160
8656483
8657275
8657718
8657862
8658066
8659021
8659164
8659218
8659417
8659428
8659432
8659440
8659449
8659464
8659528
8659557
8659577
8660427
8660713
8661123
866133
866134
866136
8662053
866563
8669469
8672310
8672311
8672312
8672313
8672314
8672315
8672316
867240
8676929
8676931
8676933
8677042
8677212
8677306
8677307
8677575
8678201
8682192
8682193
8682194
8682834
8682835
8682957
8682958
8683747
8684054
8687628
8687667
8687668
8687688
8689673
8690680
8693053
869448
8696323
8696994
869704
8697777
8700207
8700208
8700209
8700210
8701329
8703696
8704809
8705485
8705488
8705490
8705492
8705624
8705626
8705627
8706549
8706744
8706894
8706896
8708236
8709539
8709582
8709596
8709785
8710763
8711738
8712453
8713240
8713279
8713382
8713434
8713683
8713732
8714152
8714315
8714316
8714481
8714542
8715002
8715004
8715095
8715203
8715267
8716203
8716305
8716345
8716456
8716626
8716671
8716735
8716760
8717195
8717396
8717649
8717916
8718557
8718570
8718897
8718961
8718964
8719062
8719784
8719785
8719810
8719818
8719819
8719890
8719891
8719902
8719903
8719904
8720003
8720004
8720022
8720073
8720688
8721345
8721913
8722514
8722595
8722818
8722839
8723033
8723096
8723150
8723301
8723542
8724001
8724336
8724344
8724355
8724501
8724648
8724711
8724914
8724928
8725102
8725634
8725749
8725805
8725941
8726041
8726129
8726282
8726923
8727182
8727196
8727261
8727537
8728226
8728229
8728423
8728526
8728716
8729019
8729471
8729604
8730127
8730128
8730166
8730239
8730370
8730463
8730687
8730783
8730929
8730937
8731285
8731333
8731770
87318
87333
8733665
8749091
8749121
8749967
8758533
8758917
8758951
8762067
8762642
8776343
8777756
8778129
8778130
8778468
8778556
8778557
8778886
8778888
8779070
8779085
8779111
8779159
8779312
8779796
8780109
8780479
8780641
8780896
8782044
8782250
8785155
8786740
8787853
8789140
8791334
8792382
8823518
8826496
8907348
8930266
8972018
903914
908029
914264
916180
917380
921514
922774
922780
928728
939612
940772
948879
949899
950501
952059
959069
964269
965098
965268
965293
968067
970796
973731
978320
981137
988228
988296
988297
988298
988299
988302
989367
990568
991811
992847
9999435
